2;USA;Kansas;Allen;;W95.2836;N37.8833;9;
2;USA;Kansas;Anderson;;W95.2836;N38.2;9;
2;USA;Kansas;Atchison;;W95.3003;N39.5333;9;
2;USA;Kansas;Barber;;W98.6836;N37.2333;9;
2;USA;Kansas;Barton;;W98.7669;N38.4667;9;
2;USA;Kansas;Bourbon;;W94.8503;N37.85;9;
2;USA;Kansas;Brown;;W95.5836;N39.8;9;
2;USA;Kansas;Butler;;W96.8336;N37.7833;9;
2;USA;Kansas;Chase;;W96.5836;N38.3;9;
2;USA;Kansas;Chautauqua;;W96.2336;N37.15;9;
2;USA;Kansas;Cherokee;;W94.8503;N37.1667;9;
2;USA;Kansas;Cheyenne;;W101.801;N39.8;9;
2;USA;Kansas;Clark;;W99.8336;N37.2333;9;
2;USA;Kansas;Clay;;W97.1669;N39.35;9;
2;USA;Kansas;Cloud;;W97.6503;N39.4833;9;
2;USA;Kansas;Coffey;;W95.7336;N38.2333;9;
2;USA;Kansas;Comanche;;W99.2669;N37.1833;9;
2;USA;Kansas;Cowley;;W96.8336;N37.2333;9;
2;USA;Kansas;Crawford;;W94.8503;N37.5167;9;
2;USA;Kansas;Decatur;;W100.467;N39.8;9;
2;USA;Kansas;Dickinson;;W97.1669;N38.8833;9;
2;USA;Kansas;Doniphan;;W95.1169;N39.8;9;
2;USA;Kansas;Douglas;;W95.2336;N38.8667;9;
2;USA;Kansas;Edwards;;W99.2669;N37.8833;9;
2;USA;Kansas;Elk;;W96.2336;N37.45;9;
2;USA;Kansas;Ellis;;W99.3169;N38.9167;9;
2;USA;Kansas;Ellsworth;;W98.2003;N38.7;9;
2;USA;Kansas;Finney;;W100.667;N38.0167;9;
2;USA;Kansas;Ford;;W99.9003;N37.7;9;
2;USA;Kansas;Franklin;;W95.2836;N38.5833;9;
2;USA;Kansas;Geary;;W96.6669;N38.9972;9;
2;USA;Kansas;Gove;;W100.484;N38.9167;9;
2;USA;Kansas;Graham;;W99.8836;N39.35;9;
2;USA;Kansas;Grant;;W101.334;N37.5833;9;
2;USA;Kansas;Gray;;W100.434;N37.7333;9;
2;USA;Kansas;Greeley;;W101.834;N38.4667;9;
2;USA;Kansas;Greenwood;;W96.2669;N37.8667;9;
2;USA;Kansas;Hamilton;;W101.667;N38.0167;9;
2;USA;Kansas;Harper;;W98.0836;N37.2;9;
2;USA;Kansas;Harvey;;W97.4336;N38.05;9;
2;USA;Kansas;Haskell;;W100.867;N37.5667;9;
2;USA;Kansas;Hodgeman;;W99.9003;N38.0833;9;
2;USA;Kansas;Jackson;;W95.8336;N39.4;9;
2;USA;Kansas;Jefferson;;W95.4003;N39.2167;9;
2;USA;Kansas;Jewell;;W98.2336;N39.8;9;
2;USA;Kansas;Johnson;;W94.8669;N38.8667;9;
2;USA;Kansas;Kearny;;W101.317;N37.9833;9;
2;USA;Kansas;Kingman;;W98.1336;N37.5667;9;
2;USA;Kansas;Kiowa;;W99.2836;N37.5667;9;
2;USA;Kansas;Labette;;W95.2836;N37.2;9;
2;USA;Kansas;Lane;;W100.467;N38.4667;9;
2;USA;Kansas;Leavenworth;;W95.0336;N39.2333;9;
2;USA;Kansas;Lincoln;;W98.2003;N39.05;9;
2;USA;Kansas;Linn;;W94.8503;N38.2167;9;
2;USA;Kansas;Logan;;W101.134;N38.9;9;
2;USA;Kansas;Lyon;;W96.1503;N38.45;9;
2;USA;Kansas;Marion;;W97.1503;N38.4;9;
2;USA;Kansas;Marshall;;W96.5503;N39.8;9;
2;USA;Kansas;McPherson;;W97.6669;N38.4;9;
2;USA;Kansas;Meade;;W100.367;N37.2333;9;
2;USA;Kansas;Miami;;W94.8503;N38.5833;9;
2;USA;Kansas;Mitchell;;W98.2003;N39.4;9;
2;USA;Kansas;Montgomery;;W95.7336;N37.2;9;
2;USA;Kansas;Morris;;W96.6336;N38.7;9;
2;USA;Kansas;Morton;;W101.801;N37.2;9;
2;USA;Kansas;Nemaha;;W96.0169;N39.8;9;
2;USA;Kansas;Neosho;;W95.2836;N37.5667;9;
2;USA;Kansas;Ness;;W99.9169;N38.4667;9;
2;USA;Kansas;Norton;;W99.9169;N39.8;9;
2;USA;Kansas;Osage;;W95.7336;N38.65;9;
2;USA;Kansas;Osborne;;W98.7836;N39.35;9;
2;USA;Kansas;Ottawa;;W97.6669;N39.1333;9;
2;USA;Kansas;Pawnee;;W99.2003;N38.15;9;
2;USA;Kansas;Phillips;;W99.3503;N39.8;9;
2;USA;Kansas;Pottawatomie;;W96.3003;N39.3333;9;
2;USA;Kansas;Pratt;;W98.7336;N37.65;9;
2;USA;Kansas;Rawlins;;W101.101;N39.8;9;
2;USA;Kansas;Reno;;W98.0836;N37.95;9;
2;USA;Kansas;Republic;;W97.6336;N39.8;9;
2;USA;Kansas;Rice;;W98.2003;N38.35;9;
2;USA;Kansas;Riley;;W96.7003;N39.3333;9;
2;USA;Kansas;Rooks;;W99.3169;N39.35;9;
2;USA;Kansas;Rush;;W99.3003;N38.5167;9;
2;USA;Kansas;Russell;;W98.7669;N38.9167;9;
2;USA;Kansas;Saline;;W97.6669;N38.7833;9;
2;USA;Kansas;Scott;;W100.901;N38.4667;9;
2;USA;Kansas;Sedgwick;;W97.4503;N37.7167;9;
2;USA;Kansas;Seward;;W100.834;N37.2;9;
2;USA;Kansas;Shawnee;;W95.7669;N39.05;9;
2;USA;Kansas;Sheridan;;W100.434;N39.35;9;
2;USA;Kansas;Sherman;;W101.717;N39.35;9;
2;USA;Kansas;Smith;;W98.7506;N39.8333;9;
2;USA;Kansas;Stafford;;W98.7169;N38.0667;9;
2;USA;Kansas;Stanton;;W101.784;N37.5667;9;
2;USA;Kansas;Stevens;;W101.301;N37.2;9;
2;USA;Kansas;Sumner;;W97.4836;N37.2333;9;
2;USA;Kansas;Thomas;;W101.051;N39.35;9;
2;USA;Kansas;Trego;;W99.8836;N38.9167;9;
2;USA;Kansas;Wabaunsee;;W95.9961;N39.1292;9;
2;USA;Kansas;Wallace;;W101.767;N38.9167;9;
2;USA;Kansas;Washington;;W97.1003;N39.8;9;
2;USA;Kansas;Wichita;;W101.351;N38.4667;9;
2;USA;Kansas;Wilson;;W95.7336;N37.5667;9;
2;USA;Kansas;Woodson;;W95.7336;N37.8833;9;
2;USA;Kansas;Wyandotte;;W94.7169;N39.1167;9;
3;USA;Kansas;Allen;Bassett;W95.4042;N37.9028;12;
3;USA;Kansas;Allen;Bayard;W95.1631;N37.9936;12;
3;USA;Kansas;Allen;Carlyle;W95.3908;N37.9936;12;
3;USA;Kansas;Allen;Elsmore;W95.1503;N37.7944;12;
3;USA;Kansas;Allen;Gas;W95.3461;N37.9236;12;
3;USA;Kansas;Allen;Geneva;W95.4942;N38.0169;12;
3;USA;Kansas;Allen;Humboldt;W95.4369;N37.8106;12;
3;USA;Kansas;Allen;Iola;W95.4;N37.9244;12;
3;USA;Kansas;Allen;La Harpe;W95.2992;N37.9169;12;
3;USA;Kansas;Allen;Leanna;W95.3325;N37.7328;12;
3;USA;Kansas;Allen;Mildred;W95.1711;N38.0236;12;
3;USA;Kansas;Allen;Moran;W95.1703;N37.9161;12;
3;USA;Kansas;Allen;Petrolia;W95.4717;N37.7458;12;
3;USA;Kansas;Allen;Savonburg;W95.1442;N37.7494;12;
3;USA;Kansas;Anderson;Bush City;W95.1447;N38.2111;12;
3;USA;Kansas;Anderson;Central;W95.3836;N38.2722;12;
3;USA;Kansas;Anderson;Colony;W95.3656;N38.0708;12;
3;USA;Kansas;Anderson;Garnett;W95.2419;N38.2806;12;
3;USA;Kansas;Anderson;Glenlock;W95.3419;N38.31;12;
3;USA;Kansas;Anderson;Greeley;W95.1269;N38.3667;12;
3;USA;Kansas;Anderson;Harris;W95.4364;N38.3194;12;
3;USA;Kansas;Anderson;Kincaid;W95.1536;N38.0842;12;
3;USA;Kansas;Anderson;Lone Elm;W95.2433;N38.08;12;
3;USA;Kansas;Anderson;Mont Ida;W95.3683;N38.2167;12;
3;USA;Kansas;Anderson;Scipio;W95.2178;N38.3683;12;
3;USA;Kansas;Anderson;Selma;W95.1233;N38.1347;12;
3;USA;Kansas;Anderson;Welda;W95.2947;N38.1694;12;
3;USA;Kansas;Anderson;Westphalia;W95.4903;N38.1819;12;
3;USA;Kansas;Atchison;Arrington;W95.5364;N39.4628;12;
3;USA;Kansas;Atchison;Atchison;W95.1217;N39.5631;12;
3;USA;Kansas;Atchison;Cummings;W95.2475;N39.4628;12;
3;USA;Kansas;Atchison;Dalbey;W95.0775;N39.4972;12;
3;USA;Kansas;Atchison;Effingham;W95.4008;N39.5222;12;
3;USA;Kansas;Atchison;Farmington;W95.3097;N39.5186;12;
3;USA;Kansas;Atchison;Good Intent;W95.2169;N39.6;12;
3;USA;Kansas;Atchison;Hawthorne;W95.2142;N39.4764;12;
3;USA;Kansas;Atchison;Huron;W95.3517;N39.6383;12;
3;USA;Kansas;Atchison;Kennekuk;W95.4989;N39.6444;12;
3;USA;Kansas;Atchison;Lancaster;W95.3028;N39.5728;12;
3;USA;Kansas;Atchison;Larkinburg;W95.5706;N39.4625;12;
3;USA;Kansas;Atchison;Monrovia;W95.3461;N39.5242;12;
3;USA;Kansas;Atchison;Muscotah;W95.5217;N39.5528;12;
3;USA;Kansas;Atchison;Oak Mills;W95.0106;N39.4456;12;
3;USA;Kansas;Atchison;Parnell;W95.2067;N39.5064;12;
3;USA;Kansas;Atchison;Port Williams;W95.0328;N39.4564;12;
3;USA;Kansas;Atchison;Potter;W95.1419;N39.4258;12;
3;USA;Kansas;Atchison;Saint Pats;W95.1217;N39.4778;12;
3;USA;Kansas;Atchison;Shannon;W95.2433;N39.5653;12;
3;USA;Kansas;Barber;Aetna;W98.9628;N37.0839;12;
3;USA;Kansas;Barber;Deerhead;W98.9117;N37.2383;12;
3;USA;Kansas;Barber;Eldred;W98.7678;N37.0506;12;
3;USA;Kansas;Barber;Elm Mills;W98.6869;N37.4339;12;
3;USA;Kansas;Barber;Forest City;W98.7306;N37.3225;12;
3;USA;Kansas;Barber;Gerlane;W98.5497;N37.1525;12;
3;USA;Kansas;Barber;Hardtner;W98.6494;N37.0139;12;
3;USA;Kansas;Barber;Hazelton;W98.3983;N37.0903;12;
3;USA;Kansas;Barber;Isabel;W98.5503;N37.4667;12;
3;USA;Kansas;Barber;Kiowa;W98.4853;N37.0172;12;
3;USA;Kansas;Barber;Lake City;W98.8208;N37.3533;12;
3;USA;Kansas;Barber;Medicine Lodge;W98.5803;N37.2811;12;
3;USA;Kansas;Barber;Mingona;W98.6903;N37.3239;12;
3;USA;Kansas;Barber;Pixley;W98.5136;N37.2519;12;
3;USA;Kansas;Barber;Sharon;W98.4206;N37.2486;12;
3;USA;Kansas;Barber;Stubbs;W98.5658;N37.0067;12;
3;USA;Kansas;Barber;Sun City;W98.9158;N37.3786;12;
3;USA;Kansas;Barton;Albert;W99.0114;N38.4528;12;
3;USA;Kansas;Barton;Anchorway;W98.8161;N38.3489;12;
3;USA;Kansas;Barton;Beaver;W98.6669;N38.6403;12;
3;USA;Kansas;Barton;Boyd;W98.8483;N38.5186;12;
3;USA;Kansas;Barton;Claflin;W98.5336;N38.525;12;
3;USA;Kansas;Barton;Dartmouth;W98.6458;N38.3633;12;
3;USA;Kansas;Barton;Dubuque;W98.6089;N38.6958;12;
3;USA;Kansas;Barton;Dundee;W98.8906;N38.3086;12;
3;USA;Kansas;Barton;Ellinwood;W98.5808;N38.3556;12;
3;USA;Kansas;Barton;Farhman;W98.4992;N38.5794;12;
3;USA;Kansas;Barton;Galatia;W98.9586;N38.6417;12;
3;USA;Kansas;Barton;Great Bend;W98.7647;N38.3644;12;
3;USA;Kansas;Barton;Heizer;W98.8892;N38.4222;12;
3;USA;Kansas;Barton;Hitschmann;W98.5814;N38.6242;12;
3;USA;Kansas;Barton;Hoisington;W98.7781;N38.5181;12;
3;USA;Kansas;Barton;Kanbrick;W98.7772;N38.4728;12;
3;USA;Kansas;Barton;Millard;W98.8836;N38.6381;12;
3;USA;Kansas;Barton;Odin;W98.6086;N38.5661;12;
3;USA;Kansas;Barton;Olmitz;W98.9364;N38.5167;12;
3;USA;Kansas;Barton;Pawnee Rock;W98.9808;N38.2653;12;
3;USA;Kansas;Barton;Redwing;W98.6644;N38.5219;12;
3;USA;Kansas;Barton;South Hoisington;W98.7753;N38.5056;12;
3;USA;Kansas;Barton;Stickney;W98.8294;N38.6381;12;
3;USA;Kansas;Barton;Susank;W98.7739;N38.6408;12;
3;USA;Kansas;Bourbon;Barnesville;W94.6614;N38.0153;12;
3;USA;Kansas;Bourbon;Berlin;W94.8961;N37.9214;12;
3;USA;Kansas;Bourbon;Bronson;W95.0733;N37.8958;12;
3;USA;Kansas;Bourbon;Devon;W94.8192;N37.9222;12;
3;USA;Kansas;Bourbon;Edward;W94.6975;N37.7833;12;
3;USA;Kansas;Bourbon;Fort Scott;W94.7083;N37.8397;12;
3;USA;Kansas;Bourbon;Fulton;W94.7197;N38.01;12;
3;USA;Kansas;Bourbon;Garland;W94.6225;N37.7317;12;
3;USA;Kansas;Bourbon;Godfrey;W94.71;N37.7617;12;
3;USA;Kansas;Bourbon;Hammond;W94.6953;N37.9356;12;
3;USA;Kansas;Bourbon;Harding;W94.8197;N37.9939;12;
3;USA;Kansas;Bourbon;Hiattville;W94.8717;N37.7222;12;
3;USA;Kansas;Bourbon;Hollister;W94.8358;N37.7628;12;
3;USA;Kansas;Bourbon;Mapleton;W94.8836;N38.015;12;
3;USA;Kansas;Bourbon;Marmaton;W94.8247;N37.8319;12;
3;USA;Kansas;Bourbon;Pawnee Station;W94.7914;N37.7;12;
3;USA;Kansas;Bourbon;Petersburg;W94.9794;N37.7758;12;
3;USA;Kansas;Bourbon;Porterville;W95.0689;N37.7181;12;
3;USA;Kansas;Bourbon;Redfield;W94.8811;N37.8367;12;
3;USA;Kansas;Bourbon;Ronald;W94.8044;N37.7917;12;
3;USA;Kansas;Bourbon;Uniontown;W94.9753;N37.8472;12;
3;USA;Kansas;Bourbon;Xenia;W94.9864;N37.9953;12;
3;USA;Kansas;Brown;Baker;W95.5631;N39.7542;12;
3;USA;Kansas;Brown;Everest;W95.4247;N39.6772;12;
3;USA;Kansas;Brown;Fairview;W95.7281;N39.8411;12;
3;USA;Kansas;Brown;Fidelity;W95.7889;N39.79;12;
3;USA;Kansas;Brown;Hamlin;W95.6281;N39.9161;12;
3;USA;Kansas;Brown;Hiawatha;W95.5358;N39.8525;12;
3;USA;Kansas;Brown;Horton;W95.5264;N39.6606;12;
3;USA;Kansas;Brown;Mercier;W95.6017;N39.7083;12;
3;USA;Kansas;Brown;Morrill;W95.6919;N39.9283;12;
3;USA;Kansas;Brown;Padonia;W95.5628;N39.9233;12;
3;USA;Kansas;Brown;Powhattan;W95.63;N39.7617;12;
3;USA;Kansas;Brown;Reserve;W95.5619;N39.9772;12;
3;USA;Kansas;Brown;Robinson;W95.4106;N39.8167;12;
3;USA;Kansas;Brown;Sun Springs;W95.7036;N39.8894;12;
3;USA;Kansas;Brown;Willis;W95.5058;N39.725;12;
3;USA;Kansas;Butler;Aikman;W96.6808;N37.9897;12;
3;USA;Kansas;Butler;Andover;W97.1364;N37.7139;12;
3;USA;Kansas;Butler;Augusta;W96.9767;N37.6867;12;
3;USA;Kansas;Butler;Beaumont;W96.5328;N37.6581;12;
3;USA;Kansas;Butler;Benton;W97.1086;N37.7889;12;
3;USA;Kansas;Butler;Bloomington;W96.8725;N37.5778;12;
3;USA;Kansas;Butler;Bois d' Arc;W96.9253;N37.5964;12;
3;USA;Kansas;Butler;Brainerd;W97.0953;N37.9511;12;
3;USA;Kansas;Butler;Cassoday;W96.6392;N38.0389;12;
3;USA;Kansas;Butler;Chelsea;W96.7747;N37.9039;12;
3;USA;Kansas;Butler;Clay Center;W96.7711;N37.5194;12;
3;USA;Kansas;Butler;De Graff;W96.8628;N37.9811;12;
3;USA;Kansas;Butler;Douglass;W97.0128;N37.5194;12;
3;USA;Kansas;Butler;East El Dorado;W96.8356;N37.8208;12;
3;USA;Kansas;Butler;El Dorado;W96.8622;N37.8172;12;
3;USA;Kansas;Butler;Elbing;W97.1278;N38.0528;12;
3;USA;Kansas;Butler;Gordon;W96.9906;N37.5886;12;
3;USA;Kansas;Butler;Haverhill;W96.8831;N37.6856;12;
3;USA;Kansas;Butler;Hopkins;W96.9322;N37.8972;12;
3;USA;Kansas;Butler;Keighley;W96.6428;N37.6725;12;
3;USA;Kansas;Butler;Lakeview Heights;W97.1353;N37.6694;12;
3;USA;Kansas;Butler;Latham;W96.6419;N37.5361;12;
3;USA;Kansas;Butler;Leon;W96.7822;N37.6903;12;
3;USA;Kansas;Butler;Lorena;W97.0839;N37.6939;12;
3;USA;Kansas;Butler;Mecca Acres;W97.1464;N37.6756;12;
3;USA;Kansas;Butler;Midian;W96.9531;N37.8103;12;
3;USA;Kansas;Butler;Midway;W97.1353;N37.6794;12;
3;USA;Kansas;Butler;Pickrell Corner;W96.8442;N37.6792;12;
3;USA;Kansas;Butler;Pontiac;W96.7161;N37.8175;12;
3;USA;Kansas;Butler;Potwin;W97.0197;N37.9389;12;
3;USA;Kansas;Butler;Prairie Village;W97.1381;N37.6994;12;
3;USA;Kansas;Butler;Prospect;W96.7892;N37.8069;12;
3;USA;Kansas;Butler;Rosalia;W96.6197;N37.8153;12;
3;USA;Kansas;Butler;Rose Hill;W97.135;N37.5583;12;
3;USA;Kansas;Butler;Salter;W97.0447;N37.6139;12;
3;USA;Kansas;Butler;Smileyville;W96.8808;N37.5197;12;
3;USA;Kansas;Butler;Summit;W96.5642;N37.8211;12;
3;USA;Kansas;Butler;Sunset Acres;W97.1286;N37.725;12;
3;USA;Kansas;Butler;Towanda;W96.9997;N37.7975;12;
3;USA;Kansas;Butler;Vanora;W96.8892;N37.7658;12;
3;USA;Kansas;Butler;Whitewater;W97.1475;N37.9647;12;
3;USA;Kansas;Butler;Wingate;W96.6975;N37.4819;12;
3;USA;Kansas;Chase;Bazaar;W96.5353;N38.2719;12;
3;USA;Kansas;Chase;Cedar Point;W96.8197;N38.26;12;
3;USA;Kansas;Chase;Clements;W96.7408;N38.3;12;
3;USA;Kansas;Chase;Cottonwood Falls;W96.5428;N38.3722;12;
3;USA;Kansas;Chase;Ellinor;W96.4281;N38.3933;12;
3;USA;Kansas;Chase;Elmdale;W96.6447;N38.3736;12;
3;USA;Kansas;Chase;Gladstone;W96.4942;N38.3431;12;
3;USA;Kansas;Chase;Hymer;W96.6892;N38.4861;12;
3;USA;Kansas;Chase;Matfield Green;W96.5606;N38.1592;12;
3;USA;Kansas;Chase;Neva;W96.6161;N38.3981;12;
3;USA;Kansas;Chase;Rockland;W96.6439;N38.4286;12;
3;USA;Kansas;Chase;Saffordville;W96.3928;N38.4;12;
3;USA;Kansas;Chase;Strong City;W96.5369;N38.3972;12;
3;USA;Kansas;Chase;Toledo;W96.3711;N38.4222;12;
3;USA;Kansas;Chase;Wonsevu;W96.7722;N38.1508;12;
3;USA;Kansas;Chautauqua;Cedar Vale;W96.5;N37.1042;12;
3;USA;Kansas;Chautauqua;Chautauqua;W96.1767;N37.0203;12;
3;USA;Kansas;Chautauqua;Cloverdale;W96.4892;N37.2269;12;
3;USA;Kansas;Chautauqua;Elgin;W96.2767;N37.0044;12;
3;USA;Kansas;Chautauqua;Gibbs;W96.3269;N37.1375;12;
3;USA;Kansas;Chautauqua;Grafton;W96.1497;N37.2003;12;
3;USA;Kansas;Chautauqua;Hale;W96.055;N37.2347;12;
3;USA;Kansas;Chautauqua;Hewins;W96.4083;N37.0408;12;
3;USA;Kansas;Chautauqua;Layton;W96.4081;N37.0822;12;
3;USA;Kansas;Chautauqua;Monett;W96.1058;N37.1444;12;
3;USA;Kansas;Chautauqua;Niotaze;W96.0136;N37.0736;12;
3;USA;Kansas;Chautauqua;Osro;W96.4361;N37.0658;12;
3;USA;Kansas;Chautauqua;Peru;W96.0947;N37.0886;12;
3;USA;Kansas;Chautauqua;Rogers;W96.2792;N37.1469;12;
3;USA;Kansas;Chautauqua;Sedan;W96.1869;N37.1267;12;
3;USA;Kansas;Chautauqua;Wauneta;W96.3806;N37.1131;12;
3;USA;Kansas;Cherokee;Badger;W94.6328;N37.1583;12;
3;USA;Kansas;Cherokee;Baxter Junction;W94.7464;N37.0286;12;
3;USA;Kansas;Cherokee;Baxter Springs;W94.7356;N37.0236;12;
3;USA;Kansas;Cherokee;Carona;W94.8686;N37.2803;12;
3;USA;Kansas;Cherokee;Cokedale;W94.8928;N37.2467;12;
3;USA;Kansas;Cherokee;Columbus;W94.8442;N37.1692;12;
3;USA;Kansas;Cherokee;Commonwealth;W94.7406;N37.0011;12;
3;USA;Kansas;Cherokee;Cravensville;W94.8447;N37.0319;12;
3;USA;Kansas;Cherokee;Crestline;W94.7044;N37.1708;12;
3;USA;Kansas;Cherokee;Daisy Hill;W94.7781;N37.3278;12;
3;USA;Kansas;Cherokee;East Galena;W94.6292;N37.0728;12;
3;USA;Kansas;Cherokee;Empire City;W94.6419;N37.0892;12;
3;USA;Kansas;Cherokee;Faulkner;W95.0117;N37.1014;12;
3;USA;Kansas;Cherokee;Galena;W94.6397;N37.0758;12;
3;USA;Kansas;Cherokee;Hallowell;W94.9956;N37.1747;12;
3;USA;Kansas;Cherokee;Hoag;W95.0447;N37.1647;12;
3;USA;Kansas;Cherokee;Keelville;W94.9228;N37.0311;12;
3;USA;Kansas;Cherokee;Kniveton;W94.6433;N37.3383;12;
3;USA;Kansas;Cherokee;Lawton;W94.6361;N37.2219;12;
3;USA;Kansas;Cherokee;Lowell;W94.7017;N37.0486;12;
3;USA;Kansas;Cherokee;Mackie;W94.8503;N37.2519;12;
3;USA;Kansas;Cherokee;Melrose;W94.9583;N37.0308;12;
3;USA;Kansas;Cherokee;Neutral;W94.795;N37.0978;12;
3;USA;Kansas;Cherokee;Quaker;W94.7586;N37.1317;12;
3;USA;Kansas;Cherokee;Riverton;W94.7047;N37.075;12;
3;USA;Kansas;Cherokee;Roseland;W94.8506;N37.2811;12;
3;USA;Kansas;Cherokee;Scammon;W94.825;N37.2775;12;
3;USA;Kansas;Cherokee;Sherman;W95.0572;N37.2572;12;
3;USA;Kansas;Cherokee;Sherwin;W94.9478;N37.18;12;
3;USA;Kansas;Cherokee;Skidmore;W94.8319;N37.2403;12;
3;USA;Kansas;Cherokee;South Galena;W94.6381;N37.0642;12;
3;USA;Kansas;Cherokee;Stippville;W94.8378;N37.2222;12;
3;USA;Kansas;Cherokee;Treece;W94.8433;N37.0008;12;
3;USA;Kansas;Cherokee;Turck;W94.8319;N37.2306;12;
3;USA;Kansas;Cherokee;Weir;W94.7719;N37.31;12;
3;USA;Kansas;Cherokee;West Mineral;W94.9231;N37.2842;12;
3;USA;Kansas;Cheyenne;Bird City;W101.533;N39.7508;12;
3;USA;Kansas;Cheyenne;Saint Francis;W101.8;N39.7722;12;
3;USA;Kansas;Cheyenne;Wheeler;W101.713;N39.7642;12;
3;USA;Kansas;Clark;Ashland;W99.7656;N37.1886;12;
3;USA;Kansas;Clark;Englewood;W99.9833;N37.0383;12;
3;USA;Kansas;Clark;Lexington;W99.5994;N37.2939;12;
3;USA;Kansas;Clark;Minneola;W100.015;N37.4433;12;
3;USA;Kansas;Clark;Sitka;W99.6514;N37.175;12;
3;USA;Kansas;Clay;Browndale;W97.3508;N39.3597;12;
3;USA;Kansas;Clay;Clay Center;W97.1247;N39.3769;12;
3;USA;Kansas;Clay;Garfield Center;W97.1281;N39.5236;12;
3;USA;Kansas;Clay;Green;W97.0019;N39.4278;12;
3;USA;Kansas;Clay;Idana;W97.2642;N39.3575;12;
3;USA;Kansas;Clay;Industry;W97.1714;N39.1333;12;
3;USA;Kansas;Clay;Ladysmith;W97.1844;N39.2714;12;
3;USA;Kansas;Clay;Longford;W97.3314;N39.17;12;
3;USA;Kansas;Clay;Morganville;W97.2019;N39.4664;12;
3;USA;Kansas;Clay;Oak Hill;W97.3414;N39.2483;12;
3;USA;Kansas;Clay;Vining;W97.2953;N39.5669;12;
3;USA;Kansas;Clay;Wakefield;W97.0056;N39.2133;12;
3;USA;Kansas;Cloud;Ames;W97.4419;N39.5694;12;
3;USA;Kansas;Cloud;Aurora;W97.5272;N39.4519;12;
3;USA;Kansas;Cloud;Clyde;W97.3989;N39.5911;12;
3;USA;Kansas;Cloud;Concordia;W97.6625;N39.5708;12;
3;USA;Kansas;Cloud;Cook;W97.6119;N39.5472;12;
3;USA;Kansas;Cloud;Glasco;W97.8411;N39.3567;12;
3;USA;Kansas;Cloud;Huscher;W97.5892;N39.5242;12;
3;USA;Kansas;Cloud;Jamestown;W97.8611;N39.5994;12;
3;USA;Kansas;Cloud;Macyville;W97.8164;N39.4817;12;
3;USA;Kansas;Cloud;Miltonvale;W97.4461;N39.3483;12;
3;USA;Kansas;Cloud;Rice;W97.5556;N39.5722;12;
3;USA;Kansas;Cloud;Rosaco;W97.6281;N39.5789;12;
3;USA;Kansas;Cloud;Saint Joseph;W97.4061;N39.5097;12;
3;USA;Kansas;Cloud;Yuma;W97.7497;N39.5911;12;
3;USA;Kansas;Coffey;Agricola;W95.535;N38.4194;12;
3;USA;Kansas;Coffey;Aliceville;W95.5519;N38.1544;12;
3;USA;Kansas;Coffey;Beto Junction;W95.6919;N38.4056;12;
3;USA;Kansas;Coffey;Burlington;W95.7428;N38.1944;12;
3;USA;Kansas;Coffey;Gridley;W95.8836;N38.0978;12;
3;USA;Kansas;Coffey;Halls Summit;W95.6753;N38.3472;12;
3;USA;Kansas;Coffey;Jacobs Creek Landing;W95.8697;N38.2653;12;
3;USA;Kansas;Coffey;Le Roy;W95.6344;N38.0839;12;
3;USA;Kansas;Coffey;Lebo;W95.8531;N38.4167;12;
3;USA;Kansas;Coffey;New Strawn;W95.7419;N38.2625;12;
3;USA;Kansas;Coffey;Ottumwa;W95.7989;N38.2778;12;
3;USA;Kansas;Coffey;Sharpe;W95.6919;N38.2819;12;
3;USA;Kansas;Coffey;Waverly;W95.6031;N38.3939;12;
3;USA;Kansas;Comanche;Buttermilk;W99.3253;N37.1028;12;
3;USA;Kansas;Comanche;Coldwater;W99.3267;N37.2689;12;
3;USA;Kansas;Comanche;Protection;W99.4839;N37.2014;12;
3;USA;Kansas;Comanche;Wilmore;W99.21;N37.3358;12;
3;USA;Kansas;Cowley;Akron;W97.015;N37.3517;12;
3;USA;Kansas;Cowley;Arkansas City;W97.0383;N37.0619;12;
3;USA;Kansas;Cowley;Atlanta;W96.7647;N37.4364;12;
3;USA;Kansas;Cowley;Burden;W96.7542;N37.3128;12;
3;USA;Kansas;Cowley;Cambridge;W96.6644;N37.3161;12;
3;USA;Kansas;Cowley;Cameron;W96.8539;N37.0769;12;
3;USA;Kansas;Cowley;Dale;W97.0539;N37.3375;12;
3;USA;Kansas;Cowley;Dexter;W96.7144;N37.1772;12;
3;USA;Kansas;Cowley;Eaton;W96.7703;N37.2297;12;
3;USA;Kansas;Cowley;Floral;W96.9208;N37.3528;12;
3;USA;Kansas;Cowley;Glen Crouse;W96.6169;N37.4333;12;
3;USA;Kansas;Cowley;Grand Summit;W96.5467;N37.3681;12;
3;USA;Kansas;Cowley;Hackney;W97.1475;N37.1661;12;
3;USA;Kansas;Cowley;Hooser;W96.63;N37.1383;12;
3;USA;Kansas;Cowley;Kellogg;W97.1094;N37.2592;12;
3;USA;Kansas;Cowley;Maple City;W96.7683;N37.0558;12;
3;USA;Kansas;Cowley;Moxham;W97.0467;N37.1144;12;
3;USA;Kansas;Cowley;New Salem;W96.8953;N37.3106;12;
3;USA;Kansas;Cowley;Parkerfield;W96.9992;N37.075;12;
3;USA;Kansas;Cowley;Rainbow Bend;W97.1308;N37.175;12;
3;USA;Kansas;Cowley;Rock;W97.0064;N37.4403;12;
3;USA;Kansas;Cowley;Silverdale;W96.9033;N37.0419;12;
3;USA;Kansas;Cowley;Taussig;W96.5706;N37.1056;12;
3;USA;Kansas;Cowley;Tisdale;W96.8519;N37.2433;12;
3;USA;Kansas;Cowley;Tresham;W97.0497;N37.17;12;
3;USA;Kansas;Cowley;Udall;W97.1142;N37.3875;12;
3;USA;Kansas;Cowley;Vinton;W96.8253;N37.1056;12;
3;USA;Kansas;Cowley;Wilmot;W96.8758;N37.3761;12;
3;USA;Kansas;Cowley;Winfield;W96.9956;N37.2397;12;
3;USA;Kansas;Crawford;Arcadia;W94.6239;N37.6419;12;
3;USA;Kansas;Crawford;Arma;W94.7003;N37.5439;12;
3;USA;Kansas;Crawford;Atlas;W94.7225;N37.3672;12;
3;USA;Kansas;Crawford;Barber;W94.6486;N37.5678;12;
3;USA;Kansas;Crawford;Beulah;W94.8283;N37.4403;12;
3;USA;Kansas;Crawford;Brazilton;W94.9575;N37.5597;12;
3;USA;Kansas;Crawford;Capaldo;W94.7267;N37.4678;12;
3;USA;Kansas;Crawford;Cato;W94.74;N37.6678;12;
3;USA;Kansas;Crawford;Cherokee;W94.8089;N37.3458;12;
3;USA;Kansas;Crawford;Chicopee;W94.7419;N37.3819;12;
3;USA;Kansas;Crawford;Coalvale;W94.6489;N37.6156;12;
3;USA;Kansas;Crawford;Cornell;W94.6308;N37.4633;12;
3;USA;Kansas;Crawford;Croweburg;W94.6661;N37.5569;12;
3;USA;Kansas;Crawford;Curranville;W94.6317;N37.5136;12;
3;USA;Kansas;Crawford;Dry Wood;W94.7128;N37.6597;12;
3;USA;Kansas;Crawford;Dunkirk;W94.7419;N37.4844;12;
3;USA;Kansas;Crawford;Edison;W94.7467;N37.5139;12;
3;USA;Kansas;Crawford;Englevale;W94.7275;N37.5939;12;
3;USA;Kansas;Crawford;Farlington;W94.8278;N37.6178;12;
3;USA;Kansas;Crawford;Filler;W94.8253;N37.3825;12;
3;USA;Kansas;Crawford;Fleming;W94.7831;N37.3681;12;
3;USA;Kansas;Crawford;Fox Town;W94.6489;N37.5136;12;
3;USA;Kansas;Crawford;Franklin;W94.7058;N37.5264;12;
3;USA;Kansas;Crawford;Frontenac;W94.6892;N37.4556;12;
3;USA;Kansas;Crawford;Fuller;W94.6197;N37.5222;12;
3;USA;Kansas;Crawford;Girard;W94.8381;N37.5111;12;
3;USA;Kansas;Crawford;Greenbush;W94.9881;N37.5144;12;
3;USA;Kansas;Crawford;Gross;W94.6497;N37.6008;12;
3;USA;Kansas;Crawford;Hepler;W94.9683;N37.6611;12;
3;USA;Kansas;Crawford;Kirkwood;W94.7225;N37.3708;12;
3;USA;Kansas;Crawford;Klendike;W94.7597;N37.3678;12;
3;USA;Kansas;Crawford;Kramer;W94.73;N37.3603;12;
3;USA;Kansas;Crawford;Langdon;W94.7056;N37.3531;12;
3;USA;Kansas;Crawford;Litchfield;W94.6497;N37.4408;12;
3;USA;Kansas;Crawford;Lone Oak;W94.7419;N37.4369;12;
3;USA;Kansas;Crawford;McCune;W95.0167;N37.3547;12;
3;USA;Kansas;Crawford;Mertz;W94.6483;N37.5847;12;
3;USA;Kansas;Crawford;Midway;W94.6311;N37.4492;12;
3;USA;Kansas;Crawford;Monmouth;W94.9369;N37.3631;12;
3;USA;Kansas;Crawford;Mulberry;W94.6219;N37.5569;12;
3;USA;Kansas;Crawford;Opolis;W94.6211;N37.3444;12;
3;USA;Kansas;Crawford;Pittsburg;W94.705;N37.4108;12;
3;USA;Kansas;Crawford;Polk;W94.7419;N37.5433;12;
3;USA;Kansas;Crawford;Radley;W94.7603;N37.4844;12;
3;USA;Kansas;Crawford;Red Onion;W94.6461;N37.5869;12;
3;USA;Kansas;Crawford;Ringo;W94.7614;N37.5094;12;
3;USA;Kansas;Crawford;South Radley;W94.7603;N37.4714;12;
3;USA;Kansas;Crawford;Walnut;W95.0781;N37.6014;12;
3;USA;Kansas;Crawford;Yale;W94.6419;N37.4839;12;
3;USA;Kansas;Decatur;Allison;W100.264;N39.575;12;
3;USA;Kansas;Decatur;Cedar Bluffs;W100.562;N39.9789;12;
3;USA;Kansas;Decatur;Dresden;W100.422;N39.6242;12;
3;USA;Kansas;Decatur;Jennings;W100.294;N39.6794;12;
3;USA;Kansas;Decatur;Kanona;W100.39;N39.7967;12;
3;USA;Kansas;Decatur;Leoville;W100.461;N39.5817;12;
3;USA;Kansas;Decatur;Lyle;W100.216;N39.9578;12;
3;USA;Kansas;Decatur;Norcatur;W100.188;N39.8369;12;
3;USA;Kansas;Decatur;Oberlin;W100.528;N39.8183;12;
3;USA;Kansas;Decatur;Traer;W100.666;N39.9283;12;
3;USA;Kansas;Dickinson;Abilene;W97.2139;N38.9172;12;
3;USA;Kansas;Dickinson;Acme;W97.2608;N38.8425;12;
3;USA;Kansas;Dickinson;Buckeye;W97.1669;N39.0467;12;
3;USA;Kansas;Dickinson;Carlton;W97.2933;N38.6872;12;
3;USA;Kansas;Dickinson;Chapman;W97.0225;N38.9722;12;
3;USA;Kansas;Dickinson;Detroit;W97.1208;N38.935;12;
3;USA;Kansas;Dickinson;Dillon;W97.1469;N38.6936;12;
3;USA;Kansas;Dickinson;Elmo;W97.23;N38.6842;12;
3;USA;Kansas;Dickinson;Enterprise;W97.1169;N38.9028;12;
3;USA;Kansas;Dickinson;Herington;W96.9425;N38.6711;12;
3;USA;Kansas;Dickinson;Holland;W97.2794;N38.7619;12;
3;USA;Kansas;Dickinson;Hope;W97.0767;N38.6903;12;
3;USA;Kansas;Dickinson;Jacobs;W97.0308;N38.6119;12;
3;USA;Kansas;Dickinson;Lyona;W96.9258;N38.8619;12;
3;USA;Kansas;Dickinson;Manchester;W97.3247;N39.0947;12;
3;USA;Kansas;Dickinson;Moonlight;W97.1025;N39.0028;12;
3;USA;Kansas;Dickinson;Navarre;W97.1058;N38.7969;12;
3;USA;Kansas;Dickinson;Pearl;W97.0442;N38.8517;12;
3;USA;Kansas;Dickinson;Rishel;W97.0142;N38.6297;12;
3;USA;Kansas;Dickinson;Sand Spring;W97.2839;N38.9069;12;
3;USA;Kansas;Dickinson;Shady Brook;W96.9831;N38.7394;12;
3;USA;Kansas;Dickinson;Solomon;W97.3711;N38.9194;12;
3;USA;Kansas;Dickinson;Sutphen;W97.0553;N39.0483;12;
3;USA;Kansas;Dickinson;Talmage;W97.2606;N39.025;12;
3;USA;Kansas;Dickinson;Upland;W97.0192;N39.0889;12;
3;USA;Kansas;Dickinson;Woodbine;W96.9586;N38.7961;12;
3;USA;Kansas;Doniphan;Bendena;W95.1794;N39.7411;12;
3;USA;Kansas;Doniphan;Blair;W95.0028;N39.7839;12;
3;USA;Kansas;Doniphan;Brenner;W95.1153;N39.7253;12;
3;USA;Kansas;Doniphan;Denton;W95.2694;N39.7328;12;
3;USA;Kansas;Doniphan;Doniphan;W95.0808;N39.6417;12;
3;USA;Kansas;Doniphan;Elwood;W94.8725;N39.7556;12;
3;USA;Kansas;Doniphan;Fanning;W95.1614;N39.8347;12;
3;USA;Kansas;Doniphan;Highland;W95.2697;N39.8597;12;
3;USA;Kansas;Doniphan;Iowa Point;W95.2386;N39.9283;12;
3;USA;Kansas;Doniphan;Leona;W95.3217;N39.7872;12;
3;USA;Kansas;Doniphan;Moray;W95.1717;N39.7625;12;
3;USA;Kansas;Doniphan;Palermo;W94.9767;N39.7325;12;
3;USA;Kansas;Doniphan;Purcell;W95.3308;N39.6806;12;
3;USA;Kansas;Doniphan;Severance;W95.25;N39.7672;12;
3;USA;Kansas;Doniphan;Sparks;W95.1903;N39.8575;12;
3;USA;Kansas;Doniphan;Troy;W95.09;N39.7831;12;
3;USA;Kansas;Doniphan;Wathena;W94.9497;N39.7592;12;
3;USA;Kansas;Doniphan;White Cloud;W95.2969;N39.9764;12;
3;USA;Kansas;Douglas;Baldwin City;W95.1864;N38.775;12;
3;USA;Kansas;Douglas;Big Springs;W95.485;N39.0131;12;
3;USA;Kansas;Douglas;Bismark Grove;W95.21;N38.9847;12;
3;USA;Kansas;Douglas;Black Jack;W95.1158;N38.7678;12;
3;USA;Kansas;Douglas;Broken Arrow Park;W95.2392;N38.9308;12;
3;USA;Kansas;Douglas;Clearfield;W95.0936;N38.8261;12;
3;USA;Kansas;Douglas;Clinton;W95.3906;N38.9117;12;
3;USA;Kansas;Douglas;Eudora;W95.0986;N38.9433;12;
3;USA;Kansas;Douglas;Globe;W95.3997;N38.7822;12;
3;USA;Kansas;Douglas;Grover;W95.4603;N39.0597;12;
3;USA;Kansas;Douglas;Hesper;W95.0747;N38.8986;12;
3;USA;Kansas;Douglas;Kanwaka;W95.3728;N38.9731;12;
3;USA;Kansas;Douglas;Lawrence;W95.2353;N38.9717;12;
3;USA;Kansas;Douglas;Lecompton;W95.3947;N39.0444;12;
3;USA;Kansas;Douglas;Lone Star;W95.3553;N38.8667;12;
3;USA;Kansas;Douglas;Midland;W95.2422;N39.0283;12;
3;USA;Kansas;Douglas;Noria;W95.1772;N38.9494;12;
3;USA;Kansas;Douglas;Pleasant Grove;W95.2697;N38.8556;12;
3;USA;Kansas;Douglas;Sibleyville;W95.1956;N38.8842;12;
3;USA;Kansas;Douglas;Stull;W95.4561;N38.9711;12;
3;USA;Kansas;Douglas;Vinland;W95.1822;N38.8394;12;
3;USA;Kansas;Douglas;Weaver;W95.0672;N38.9619;12;
3;USA;Kansas;Douglas;Worden;W95.3344;N38.7822;12;
3;USA;Kansas;Edwards;Ardell;W99.4964;N37.9017;12;
3;USA;Kansas;Edwards;Belpre;W99.1003;N37.95;12;
3;USA;Kansas;Edwards;Centerview;W99.2683;N37.8153;12;
3;USA;Kansas;Edwards;Fellsburg;W99.1753;N37.8119;12;
3;USA;Kansas;Edwards;Hodges;W99.3836;N37.8167;12;
3;USA;Kansas;Edwards;Kinsley;W99.4097;N37.9231;12;
3;USA;Kansas;Edwards;Lewis;W99.2525;N37.9361;12;
3;USA;Kansas;Edwards;Nettleton;W99.3286;N37.9986;12;
3;USA;Kansas;Edwards;Offerle;W99.5578;N37.8908;12;
3;USA;Kansas;Edwards;Trousdale;W99.0856;N37.8153;12;
3;USA;Kansas;Elk;Busby;W96.0444;N37.4694;12;
3;USA;Kansas;Elk;Cave Springs;W96.1225;N37.5333;12;
3;USA;Kansas;Elk;Elk Falls;W96.1886;N37.3672;12;
3;USA;Kansas;Elk;Fiat;W96.2075;N37.5408;12;
3;USA;Kansas;Elk;Grenola;W96.4506;N37.3486;12;
3;USA;Kansas;Elk;Howard;W96.2636;N37.4703;12;
3;USA;Kansas;Elk;Longton;W96.0808;N37.3778;12;
3;USA;Kansas;Elk;Moline;W96.3039;N37.3603;12;
3;USA;Kansas;Elk;Oak Valley;W96.01;N37.3433;12;
3;USA;Kansas;Elk;Upola;W95.9986;N37.4167;12;
3;USA;Kansas;Ellis;Antonino;W99.3925;N38.7839;12;
3;USA;Kansas;Ellis;Catharine;W99.2167;N38.9272;12;
3;USA;Kansas;Ellis;Ellis;W99.5606;N38.9381;12;
3;USA;Kansas;Ellis;Emmeram;W99.1322;N38.9586;12;
3;USA;Kansas;Ellis;Hays;W99.3267;N38.8792;12;
3;USA;Kansas;Ellis;Hog Back;W99.4808;N38.9203;12;
3;USA;Kansas;Ellis;Munjor;W99.2647;N38.8111;12;
3;USA;Kansas;Ellis;Pfeifer;W99.1656;N38.7081;12;
3;USA;Kansas;Ellis;Schoenchen;W99.3322;N38.7133;12;
3;USA;Kansas;Ellis;Toulon;W99.2414;N38.8517;12;
3;USA;Kansas;Ellis;Turkville;W99.2456;N39.1033;12;
3;USA;Kansas;Ellis;Victoria;W99.1475;N38.8528;12;
3;USA;Kansas;Ellis;Walker;W99.0758;N38.8672;12;
3;USA;Kansas;Ellis;Yocemento;W99.4239;N38.9072;12;
3;USA;Kansas;Ellsworth;Arcola;W97.9336;N38.7508;12;
3;USA;Kansas;Ellsworth;Black Wolf;W98.3619;N38.7583;12;
3;USA;Kansas;Ellsworth;Carneiro;W98.0308;N38.7389;12;
3;USA;Kansas;Ellsworth;Ellsworth;W98.2281;N38.7306;12;
3;USA;Kansas;Ellsworth;Holyrood;W98.4111;N38.5869;12;
3;USA;Kansas;Ellsworth;Kanopolis;W98.1572;N38.7111;12;
3;USA;Kansas;Ellsworth;Langley;W97.9628;N38.5467;12;
3;USA;Kansas;Ellsworth;Lorraine;W98.3167;N38.5689;12;
3;USA;Kansas;Ellsworth;Midway;W98.1542;N38.6094;12;
3;USA;Kansas;Ellsworth;Terra Cotta;W97.9572;N38.7417;12;
3;USA;Kansas;Ellsworth;Venango;W97.9864;N38.6389;12;
3;USA;Kansas;Ellsworth;Wilson;W98.4753;N38.825;12;
3;USA;Kansas;Ellsworth;Yankee Run;W98.0169;N38.6514;12;
3;USA;Kansas;Finney;Friend;W100.912;N38.26;12;
3;USA;Kansas;Finney;Gano;W100.911;N38.1922;12;
3;USA;Kansas;Finney;Garden City;W100.873;N37.9717;12;
3;USA;Kansas;Finney;Holcomb;W100.989;N37.9861;12;
3;USA;Kansas;Finney;Kalvesta;W100.286;N38.0594;12;
3;USA;Kansas;Finney;Lowe;W100.993;N38.0331;12;
3;USA;Kansas;Finney;Mansfield;W100.767;N37.9228;12;
3;USA;Kansas;Finney;Peterson;W101.067;N38.0325;12;
3;USA;Kansas;Finney;Pierceville;W100.677;N37.8783;12;
3;USA;Kansas;Finney;Plymell;W100.87;N37.8097;12;
3;USA;Kansas;Finney;Quinby;W100.929;N37.9883;12;
3;USA;Kansas;Finney;Ravanna;W100.382;N38.1597;12;
3;USA;Kansas;Finney;Ritchal;W101.028;N38.0325;12;
3;USA;Kansas;Finney;Rodkey;W100.958;N38.0178;12;
3;USA;Kansas;Finney;Tennis;W100.911;N38.1633;12;
3;USA;Kansas;Finney;Wolf;W101.099;N38.0322;12;
3;USA;Kansas;Ford;Bellefont;W99.6578;N37.8725;12;
3;USA;Kansas;Ford;Bloom;W99.8961;N37.4864;12;
3;USA;Kansas;Ford;Bucklin;W99.6342;N37.5472;12;
3;USA;Kansas;Ford;Dodge City;W100.017;N37.7528;12;
3;USA;Kansas;Ford;Ford;W99.7539;N37.6361;12;
3;USA;Kansas;Ford;Fort Dodge;W99.9353;N37.7319;12;
3;USA;Kansas;Ford;Howell;W100.179;N37.7833;12;
3;USA;Kansas;Ford;Kingsdown;W99.7586;N37.525;12;
3;USA;Kansas;Ford;Sayre;W100.174;N37.6881;12;
3;USA;Kansas;Ford;Sears;W100.106;N37.7625;12;
3;USA;Kansas;Ford;South Dodge;W100.02;N37.7422;12;
3;USA;Kansas;Ford;Spearville;W99.7567;N37.85;12;
3;USA;Kansas;Ford;Wilroads Gardens;W99.9331;N37.7242;12;
3;USA;Kansas;Ford;Wilroads;W99.8936;N37.7017;12;
3;USA;Kansas;Ford;Windhorst;W99.6419;N37.7853;12;
3;USA;Kansas;Ford;Wright;W99.8919;N37.7806;12;
3;USA;Kansas;Franklin;B N Junction;W95.2714;N38.5617;12;
3;USA;Kansas;Franklin;Centropolis;W95.3503;N38.7161;12;
3;USA;Kansas;Franklin;Homewood;W95.3789;N38.5147;12;
3;USA;Kansas;Franklin;Imes;W95.1583;N38.5736;12;
3;USA;Kansas;Franklin;Lane;W95.0822;N38.4397;12;
3;USA;Kansas;Franklin;Le Loup;W95.16;N38.6953;12;
3;USA;Kansas;Franklin;Norwood;W95.2469;N38.7097;12;
3;USA;Kansas;Franklin;Ottawa Junction;W95.2697;N38.6342;12;
3;USA;Kansas;Franklin;Ottawa;W95.2678;N38.6156;12;
3;USA;Kansas;Franklin;Peoria;W95.1489;N38.5847;12;
3;USA;Kansas;Franklin;Pomona;W95.4517;N38.6083;12;
3;USA;Kansas;Franklin;Pomona;W95.4536;N38.5958;12;
3;USA;Kansas;Franklin;Princeton;W95.2753;N38.4889;12;
3;USA;Kansas;Franklin;Ransomville;W95.4258;N38.5064;12;
3;USA;Kansas;Franklin;Rantoul;W95.1003;N38.5486;12;
3;USA;Kansas;Franklin;Richmond;W95.2539;N38.4028;12;
3;USA;Kansas;Franklin;Richter;W95.3786;N38.6117;12;
3;USA;Kansas;Franklin;Silkville;W95.4892;N38.45;12;
3;USA;Kansas;Franklin;Wellsville;W95.0817;N38.7183;12;
3;USA;Kansas;Franklin;Williamsburg;W95.4669;N38.4806;12;
3;USA;Kansas;Geary;Alida;W96.9403;N39.0958;12;
3;USA;Kansas;Geary;Grandview Plaza;W96.7892;N39.0292;12;
3;USA;Kansas;Geary;Junction City;W96.8314;N39.0286;12;
3;USA;Kansas;Geary;Kansas Falls;W96.9136;N38.9833;12;
3;USA;Kansas;Geary;Milford;W96.9125;N39.1683;12;
3;USA;Kansas;Geary;Wreford;W96.8486;N38.9617;12;
3;USA;Kansas;Gove;Alanthus;W100.167;N38.7;12;
3;USA;Kansas;Gove;Gove;W100.489;N38.9578;12;
3;USA;Kansas;Gove;Grainfield;W100.465;N39.1136;12;
3;USA;Kansas;Gove;Grinnell;W100.629;N39.1272;12;
3;USA;Kansas;Gove;Park;W100.359;N39.1125;12;
3;USA;Kansas;Gove;Quinter;W100.232;N39.0694;12;
3;USA;Kansas;Graham;Bogue;W99.6872;N39.3625;12;
3;USA;Kansas;Graham;Hill City;W99.8419;N39.3647;12;
3;USA;Kansas;Graham;Morland;W100.076;N39.3494;12;
3;USA;Kansas;Graham;Nicodemus;W99.6169;N39.3944;12;
3;USA;Kansas;Graham;Penokee;W99.9722;N39.3511;12;
3;USA;Kansas;Graham;Roscoe;W99.7694;N39.4808;12;
3;USA;Kansas;Graham;Saint Peter;W100.089;N39.1897;12;
3;USA;Kansas;Graham;Smithfield;W99.8261;N39.4811;12;
3;USA;Kansas;Graham;Togo;W99.8661;N39.1833;12;
3;USA;Kansas;Grant;Hickok;W101.229;N37.5611;12;
3;USA;Kansas;Grant;Ryus;W101.108;N37.4978;12;
3;USA;Kansas;Grant;Stano;W101.49;N37.5206;12;
3;USA;Kansas;Grant;Ulysses;W101.355;N37.5814;12;
3;USA;Kansas;Gray;Charleston;W100.565;N37.8653;12;
3;USA;Kansas;Gray;Cimarron;W100.348;N37.8067;12;
3;USA;Kansas;Gray;Copeland;W100.63;N37.5419;12;
3;USA;Kansas;Gray;Ensign;W100.234;N37.6528;12;
3;USA;Kansas;Gray;Haggard;W100.321;N37.6344;12;
3;USA;Kansas;Gray;Ingalls;W100.455;N37.8278;12;
3;USA;Kansas;Gray;Montezuma;W100.443;N37.5958;12;
3;USA;Kansas;Gray;Wettick;W100.264;N37.7967;12;
3;USA;Kansas;Greeley;Astor;W101.903;N38.4728;12;
3;USA;Kansas;Greeley;Horace;W101.791;N38.4764;12;
3;USA;Kansas;Greeley;Kanco;W102.043;N38.4722;12;
3;USA;Kansas;Greeley;Tribune;W101.753;N38.4697;12;
3;USA;Kansas;Greeley;Walkinghood;W101.973;N38.4722;12;
3;USA;Kansas;Greeley;Whitelaw;W101.679;N38.455;12;
3;USA;Kansas;Greenwood;Bisbee;W96.1058;N38.0533;12;
3;USA;Kansas;Greenwood;Blodgett;W96.4631;N37.6256;12;
3;USA;Kansas;Greenwood;Burkett;W96.2653;N38.0417;12;
3;USA;Kansas;Greenwood;Climax;W96.2233;N37.7197;12;
3;USA;Kansas;Greenwood;Eureka;W96.2892;N37.8239;12;
3;USA;Kansas;Greenwood;Fall River;W96.0281;N37.6078;12;
3;USA;Kansas;Greenwood;Hamilton;W96.1642;N37.9794;12;
3;USA;Kansas;Greenwood;Hilltop;W96.0397;N38.0556;12;
3;USA;Kansas;Greenwood;Ivanpah;W96.4825;N37.8981;12;
3;USA;Kansas;Greenwood;Kenbro;W96.3397;N38.1286;12;
3;USA;Kansas;Greenwood;Lamont;W96.0267;N38.1125;12;
3;USA;Kansas;Greenwood;Lapland;W96.3933;N37.9847;12;
3;USA;Kansas;Greenwood;Madison;W96.1358;N38.1356;12;
3;USA;Kansas;Greenwood;Neal;W96.0803;N37.8342;12;
3;USA;Kansas;Greenwood;Piedmont;W96.3656;N37.6236;12;
3;USA;Kansas;Greenwood;Quincy;W95.9928;N37.8819;12;
3;USA;Kansas;Greenwood;Reece;W96.4464;N37.7989;12;
3;USA;Kansas;Greenwood;Rocky Ford;W96.0511;N37.8172;12;
3;USA;Kansas;Greenwood;Sallyards;W96.5072;N37.8214;12;
3;USA;Kansas;Greenwood;Severy;W96.2281;N37.6222;12;
3;USA;Kansas;Greenwood;Teterville;W96.4206;N38.0431;12;
3;USA;Kansas;Greenwood;Thrall;W96.3211;N38.01;12;
3;USA;Kansas;Greenwood;Tonovay;W96.1781;N37.8522;12;
3;USA;Kansas;Greenwood;Utopia;W96.2242;N37.8978;12;
3;USA;Kansas;Greenwood;Virgil;W96.0103;N37.9808;12;
3;USA;Kansas;Hamilton;Coolidge;W102.009;N38.0417;12;
3;USA;Kansas;Hamilton;Kendall;W101.546;N37.9347;12;
3;USA;Kansas;Hamilton;Mayline;W101.661;N37.96;12;
3;USA;Kansas;Hamilton;Medway;W101.882;N38.0136;12;
3;USA;Kansas;Hamilton;Syracuse;W101.753;N37.9806;12;
3;USA;Kansas;Harper;Anthony;W98.0311;N37.1533;12;
3;USA;Kansas;Harper;Attica;W98.2267;N37.2414;12;
3;USA;Kansas;Harper;Bluff City;W97.875;N37.0764;12;
3;USA;Kansas;Harper;Corwin;W98.3044;N37.0842;12;
3;USA;Kansas;Harper;Crisfield;W98.3114;N37.1722;12;
3;USA;Kansas;Harper;Crystal Springs;W98.1347;N37.2619;12;
3;USA;Kansas;Harper;Danville;W97.8919;N37.2861;12;
3;USA;Kansas;Harper;Duquoin;W98.0736;N37.3828;12;
3;USA;Kansas;Harper;Freeport;W97.8569;N37.1986;12;
3;USA;Kansas;Harper;Harper;W98.0258;N37.2867;12;
3;USA;Kansas;Harper;Hawk;W97.9753;N37.1125;12;
3;USA;Kansas;Harper;Midway;W98.2478;N37.1525;12;
3;USA;Kansas;Harper;Ruella;W98.1836;N37.0806;12;
3;USA;Kansas;Harper;Runnymede;W97.9297;N37.3564;12;
3;USA;Kansas;Harper;Waldron;W98.1825;N37.0022;12;
3;USA;Kansas;Harvey;Alta Mills;W97.5919;N38.1178;12;
3;USA;Kansas;Harvey;Annelly;W97.2011;N37.9722;12;
3;USA;Kansas;Harvey;Burrton;W97.6697;N38.0239;12;
3;USA;Kansas;Harvey;Halstead;W97.5086;N38.0014;12;
3;USA;Kansas;Harvey;Hesston;W97.4314;N38.1383;12;
3;USA;Kansas;Harvey;McGraw;W97.3683;N38.0119;12;
3;USA;Kansas;Harvey;McLains;W97.2631;N37.9994;12;
3;USA;Kansas;Harvey;Newton;W97.345;N38.0467;12;
3;USA;Kansas;Harvey;North Newton;W97.3456;N38.0722;12;
3;USA;Kansas;Harvey;Patterson;W97.655;N37.9433;12;
3;USA;Kansas;Harvey;Paxton;W97.5919;N38.0139;12;
3;USA;Kansas;Harvey;Putnam;W97.3878;N37.9689;12;
3;USA;Kansas;Harvey;Sand Creek;W97.3697;N38.0333;12;
3;USA;Kansas;Harvey;Sedgwick;W97.4225;N37.9167;12;
3;USA;Kansas;Harvey;Van Arsdale;W97.4269;N37.9992;12;
3;USA;Kansas;Harvey;Walton;W97.2567;N38.1178;12;
3;USA;Kansas;Harvey;Zimmerdale;W97.39;N38.1028;12;
3;USA;Kansas;Haskell;Satanta;W100.972;N37.4372;12;
3;USA;Kansas;Haskell;Sublette;W100.844;N37.4817;12;
3;USA;Kansas;Haskell;Tice;W100.727;N37.5161;12;
3;USA;Kansas;Hodgeman;Bosse;W99.8336;N38.0869;12;
3;USA;Kansas;Hodgeman;Dungans Crossing;W99.6617;N38.2331;12;
3;USA;Kansas;Hodgeman;Gray;W99.6419;N38.1583;12;
3;USA;Kansas;Hodgeman;Hanston;W99.7128;N38.1219;12;
3;USA;Kansas;Hodgeman;Jetmore;W99.8933;N38.0844;12;
3;USA;Kansas;Hodgeman;Orwell;W99.7156;N38.0156;12;
3;USA;Kansas;Jackson;Birmingham;W95.6825;N39.4092;12;
3;USA;Kansas;Jackson;Circleville;W95.8586;N39.5083;12;
3;USA;Kansas;Jackson;Delia;W95.9669;N39.2406;12;
3;USA;Kansas;Jackson;Denison;W95.6281;N39.3917;12;
3;USA;Kansas;Jackson;Holton;W95.7364;N39.4653;12;
3;USA;Kansas;Jackson;Hoyt;W95.7064;N39.2478;12;
3;USA;Kansas;Jackson;Mayetta;W95.7225;N39.3389;12;
3;USA;Kansas;Jackson;Netawaka;W95.7183;N39.6028;12;
3;USA;Kansas;Jackson;Soldier;W95.9642;N39.5361;12;
3;USA;Kansas;Jackson;Whiting;W95.6128;N39.5897;12;
3;USA;Kansas;Jefferson;Boyle;W95.3528;N39.3403;12;
3;USA;Kansas;Jefferson;Buck Creek;W95.2822;N39.05;12;
3;USA;Kansas;Jefferson;Dunavant;W95.3328;N39.3019;12;
3;USA;Kansas;Jefferson;Grantville;W95.5614;N39.0833;12;
3;USA;Kansas;Jefferson;Half Mound;W95.4975;N39.4058;12;
3;USA;Kansas;Jefferson;Hilldale South;W95.4767;N39.175;12;
3;USA;Kansas;Jefferson;Hilldale;W95.4761;N39.1819;12;
3;USA;Kansas;Jefferson;Indian Ridge;W95.4753;N39.2181;12;
3;USA;Kansas;Jefferson;Lake Ridge;W95.4725;N39.1653;12;
3;USA;Kansas;Jefferson;Lake Shore;W95.4239;N39.2431;12;
3;USA;Kansas;Jefferson;Lakeside Village;W95.4214;N39.1753;12;
3;USA;Kansas;Jefferson;McLouth;W95.2083;N39.1958;12;
3;USA;Kansas;Jefferson;Medina;W95.4211;N39.0778;12;
3;USA;Kansas;Jefferson;Meriden;W95.5697;N39.1889;12;
3;USA;Kansas;Jefferson;Newman;W95.4647;N39.0806;12;
3;USA;Kansas;Jefferson;Nortonville;W95.3336;N39.4167;12;
3;USA;Kansas;Jefferson;Oskaloosa;W95.3128;N39.2153;12;
3;USA;Kansas;Jefferson;Ozawkie;W95.4669;N39.2333;12;
3;USA;Kansas;Jefferson;Perry;W95.3933;N39.0758;12;
3;USA;Kansas;Jefferson;Rock Creek;W95.5372;N39.2458;12;
3;USA;Kansas;Jefferson;Thompsonville;W95.4336;N39.1056;12;
3;USA;Kansas;Jefferson;Valley Falls;W95.4603;N39.3433;12;
3;USA;Kansas;Jefferson;West Shore;W95.4772;N39.1889;12;
3;USA;Kansas;Jefferson;Williamstown;W95.3328;N39.0628;12;
3;USA;Kansas;Jefferson;Winchester;W95.2669;N39.3222;12;
3;USA;Kansas;Jewell;Burr Oak;W98.305;N39.8661;12;
3;USA;Kansas;Jewell;Dentonia;W98.4675;N39.6839;12;
3;USA;Kansas;Jewell;Esbon;W98.4358;N39.8222;12;
3;USA;Kansas;Jewell;Formoso;W97.9922;N39.78;12;
3;USA;Kansas;Jewell;Ionia;W98.3475;N39.6639;12;
3;USA;Kansas;Jewell;Jewell;W98.1536;N39.6714;12;
3;USA;Kansas;Jewell;Lovewell;W97.9817;N39.8653;12;
3;USA;Kansas;Jewell;Mankato;W98.21;N39.7872;12;
3;USA;Kansas;Jewell;Montrose;W98.0878;N39.7844;12;
3;USA;Kansas;Jewell;Northbranch;W98.3717;N39.9728;12;
3;USA;Kansas;Jewell;Otego;W98.3472;N39.8272;12;
3;USA;Kansas;Jewell;Randall;W98.0447;N39.6425;12;
3;USA;Kansas;Jewell;Webber;W98.035;N39.935;12;
3;USA;Kansas;Jewell;Wesley Center;W98.325;N39.9589;12;
3;USA;Kansas;Johnson;Aubry;W94.6711;N38.7708;12;
3;USA;Kansas;Johnson;Bonita;W94.8147;N38.8111;12;
3;USA;Kansas;Johnson;Cedar;W94.9344;N38.9792;12;
3;USA;Kansas;Johnson;Chouteau;W94.8303;N39.0472;12;
3;USA;Kansas;Johnson;Clare;W94.8714;N38.8269;12;
3;USA;Kansas;Johnson;Clearview City;W95.0031;N38.9458;12;
3;USA;Kansas;Johnson;Countryside;W94.6544;N39.0167;12;
3;USA;Kansas;Johnson;Craig;W94.8164;N38.9658;12;
3;USA;Kansas;Johnson;De Soto;W94.9686;N38.9792;12;
3;USA;Kansas;Johnson;Edgerton;W95.0081;N38.7647;12;
3;USA;Kansas;Johnson;Elmhurst;W94.685;N38.9744;12;
3;USA;Kansas;Johnson;Fairway;W94.6319;N39.0222;12;
3;USA;Kansas;Johnson;Frisbie;W94.8872;N39.0144;12;
3;USA;Kansas;Johnson;Gardner;W94.9272;N38.8108;12;
3;USA;Kansas;Johnson;Holliday;W94.8081;N39.0383;12;
3;USA;Kansas;Johnson;Kenneth;W94.6119;N38.855;12;
3;USA;Kansas;Johnson;Lackmans;W94.7642;N38.9244;12;
3;USA;Kansas;Johnson;Lake Quivira;W94.7767;N39.0403;12;
3;USA;Kansas;Johnson;Leawood;W94.6169;N38.9667;12;
3;USA;Kansas;Johnson;Lenexa;W94.7336;N38.9536;12;
3;USA;Kansas;Johnson;Merriam;W94.6936;N39.0236;12;
3;USA;Kansas;Johnson;Mission Hills;W94.6169;N39.0178;12;
3;USA;Kansas;Johnson;Mission Woods;W94.6086;N39.035;12;
3;USA;Kansas;Johnson;Mission;W94.6558;N39.0278;12;
3;USA;Kansas;Johnson;Monticello;W94.8442;N38.9989;12;
3;USA;Kansas;Johnson;Morse;W94.7239;N38.8503;12;
3;USA;Kansas;Johnson;Ocheltree;W94.8161;N38.7686;12;
3;USA;Kansas;Johnson;Olathe;W94.8192;N38.8814;12;
3;USA;Kansas;Johnson;Overland Park;W94.6708;N38.9822;12;
3;USA;Kansas;Johnson;Prairie Village;W94.6336;N38.9917;12;
3;USA;Kansas;Johnson;Redel;W94.6336;N38.8306;12;
3;USA;Kansas;Johnson;Roeland Park;W94.6322;N39.0375;12;
3;USA;Kansas;Johnson;Shawnee;W94.7203;N39.0417;12;
3;USA;Kansas;Johnson;Spring Hill;W94.8256;N38.7431;12;
3;USA;Kansas;Johnson;Stanley;W94.6658;N38.8544;12;
3;USA;Kansas;Johnson;Stilwell;W94.6564;N38.7692;12;
3;USA;Kansas;Johnson;Westwood Hills;W94.61;N39.0389;12;
3;USA;Kansas;Johnson;Westwood;W94.6169;N39.0406;12;
3;USA;Kansas;Johnson;Wilder;W94.8697;N39.0431;12;
3;USA;Kansas;Johnson;Zarah;W94.8239;N39.0072;12;
3;USA;Kansas;Kearny;Deerfield;W101.133;N37.9797;12;
3;USA;Kansas;Kearny;Hartland;W101.372;N37.8872;12;
3;USA;Kansas;Kearny;Lakin;W101.255;N37.9406;12;
3;USA;Kansas;Kearny;Sutton;W101.466;N37.9058;12;
3;USA;Kansas;Kingman;Adams;W97.9775;N37.4586;12;
3;USA;Kansas;Kingman;Alameda;W98.0614;N37.5611;12;
3;USA;Kansas;Kingman;Basil;W98.0903;N37.5164;12;
3;USA;Kansas;Kingman;Belmont;W97.9892;N37.5236;12;
3;USA;Kansas;Kingman;Calista;W98.2825;N37.6397;12;
3;USA;Kansas;Kingman;Cleveland;W98.1336;N37.5517;12;
3;USA;Kansas;Kingman;Cunningham;W98.4311;N37.6439;12;
3;USA;Kansas;Kingman;Georgia;W98.0086;N37.6278;12;
3;USA;Kansas;Kingman;Kingman;W98.1136;N37.6458;12;
3;USA;Kansas;Kingman;Lansdowne;W97.8628;N37.6183;12;
3;USA;Kansas;Kingman;Midway;W97.9358;N37.6617;12;
3;USA;Kansas;Kingman;Mount Vernon;W97.8456;N37.7175;12;
3;USA;Kansas;Kingman;Murdock;W97.9308;N37.6111;12;
3;USA;Kansas;Kingman;Nashville;W98.4225;N37.4417;12;
3;USA;Kansas;Kingman;Norwich;W97.8489;N37.4572;12;
3;USA;Kansas;Kingman;Orsemus;W97.9356;N37.4972;12;
3;USA;Kansas;Kingman;Penalosa;W98.3197;N37.7167;12;
3;USA;Kansas;Kingman;Rago;W98.0817;N37.4528;12;
3;USA;Kansas;Kingman;Saint Leo;W98.4103;N37.5292;12;
3;USA;Kansas;Kingman;Skellyville;W98.4503;N37.675;12;
3;USA;Kansas;Kingman;Spivey;W98.1633;N37.4458;12;
3;USA;Kansas;Kingman;Varner;W98.0364;N37.7189;12;
3;USA;Kansas;Kingman;Waterloo;W97.9408;N37.6769;12;
3;USA;Kansas;Kingman;Willowdale;W98.3017;N37.5153;12;
3;USA;Kansas;Kingman;Zenda;W98.2819;N37.4422;12;
3;USA;Kansas;Kiowa;Belvidere;W99.08;N37.4503;12;
3;USA;Kansas;Kiowa;Brenham;W99.2081;N37.6097;12;
3;USA;Kansas;Kiowa;Greensburg;W99.2925;N37.6028;12;
3;USA;Kansas;Kiowa;Haviland;W99.1064;N37.6194;12;
3;USA;Kansas;Kiowa;Joy;W99.3947;N37.5953;12;
3;USA;Kansas;Kiowa;Mullinville;W99.4756;N37.5861;12;
3;USA;Kansas;Kiowa;Wellsford;W99.0286;N37.6167;12;
3;USA;Kansas;Labette;Altamont;W95.2972;N37.1903;12;
3;USA;Kansas;Labette;Angola;W95.4494;N37.1056;12;
3;USA;Kansas;Labette;Bartlett;W95.2108;N37.0547;12;
3;USA;Kansas;Labette;Brownstone;W95.1942;N37.3328;12;
3;USA;Kansas;Labette;Chetopa;W95.09;N37.0372;12;
3;USA;Kansas;Labette;Dennis;W95.4128;N37.3469;12;
3;USA;Kansas;Labette;Edna;W95.3594;N37.0597;12;
3;USA;Kansas;Labette;Fern;W95.3764;N37.3469;12;
3;USA;Kansas;Labette;Garvin;W95.1942;N37.2419;12;
3;USA;Kansas;Labette;Grove;W95.4308;N37.325;12;
3;USA;Kansas;Labette;Labette;W95.1836;N37.2306;12;
3;USA;Kansas;Labette;Laneville;W95.1267;N37.3328;12;
3;USA;Kansas;Labette;Montana;W95.1242;N37.2753;12;
3;USA;Kansas;Labette;Mound Valley;W95.405;N37.2053;12;
3;USA;Kansas;Labette;Orchard Park;W95.2761;N37.3583;12;
3;USA;Kansas;Labette;Oswego;W95.11;N37.1675;12;
3;USA;Kansas;Labette;Parsons;W95.2611;N37.3403;12;
3;USA;Kansas;Labette;Penfield;W95.4081;N37.1628;12;
3;USA;Kansas;Labette;Stover;W95.1947;N37.1739;12;
3;USA;Kansas;Labette;Strauss;W95.0858;N37.3403;12;
3;USA;Kansas;Labette;Valeda;W95.4475;N37.0472;12;
3;USA;Kansas;Labette;Winway;W95.2586;N37.3256;12;
3;USA;Kansas;Lane;Alamota;W100.31;N38.4611;12;
3;USA;Kansas;Lane;Amy;W100.602;N38.4819;12;
3;USA;Kansas;Lane;Dighton;W100.467;N38.4819;12;
3;USA;Kansas;Lane;Healy;W100.617;N38.6;12;
3;USA;Kansas;Lane;Shields;W100.445;N38.6156;12;
3;USA;Kansas;Leavenworth;Bain City;W94.9039;N39.2839;12;
3;USA;Kansas;Leavenworth;Basehor;W94.9386;N39.1417;12;
3;USA;Kansas;Leavenworth;Cochrane;W94.8789;N39.2667;12;
3;USA;Kansas;Leavenworth;Coldspur;W94.9247;N39.0044;12;
3;USA;Kansas;Leavenworth;East Fairmount;W94.9192;N39.1869;12;
3;USA;Kansas;Leavenworth;Easton;W95.1158;N39.345;12;
3;USA;Kansas;Leavenworth;Ettenson;W94.8631;N39.2258;12;
3;USA;Kansas;Leavenworth;Fairmount;W94.9356;N39.1917;12;
3;USA;Kansas;Leavenworth;Fall Leaf;W95.1106;N38.9742;12;
3;USA;Kansas;Leavenworth;Five Points;W95.0314;N39.2303;12;
3;USA;Kansas;Leavenworth;Hiatt;W94.8725;N39.2306;12;
3;USA;Kansas;Leavenworth;Highland;W94.8308;N39.2139;12;
3;USA;Kansas;Leavenworth;Hoge;W94.995;N39.1722;12;
3;USA;Kansas;Leavenworth;Jarbalo;W95.0692;N39.2019;12;
3;USA;Kansas;Leavenworth;Kickapoo;W94.9711;N39.3989;12;
3;USA;Kansas;Leavenworth;Lansing;W94.9003;N39.2486;12;
3;USA;Kansas;Leavenworth;Leavenworth;W94.9225;N39.3111;12;
3;USA;Kansas;Leavenworth;Lenape;W94.9508;N38.9972;12;
3;USA;Kansas;Leavenworth;Linwood;W95.0392;N39.0014;12;
3;USA;Kansas;Leavenworth;Little Kaw;W94.9214;N39.0367;12;
3;USA;Kansas;Leavenworth;Lowemont;W95.0558;N39.3806;12;
3;USA;Kansas;Leavenworth;Mahon;W94.9461;N39.0378;12;
3;USA;Kansas;Leavenworth;Maltby;W94.8364;N39.2194;12;
3;USA;Kansas;Leavenworth;Maywood;W94.8447;N39.2261;12;
3;USA;Kansas;Leavenworth;Millwood;W95.1169;N39.3839;12;
3;USA;Kansas;Leavenworth;Reno;W95.12;N39.0511;12;
3;USA;Kansas;Leavenworth;Richardson;W94.9003;N39.2667;12;
3;USA;Kansas;Leavenworth;South Basehor;W94.9386;N39.1289;12;
3;USA;Kansas;Leavenworth;Springdale;W95.1244;N39.2594;12;
3;USA;Kansas;Leavenworth;Stone;W94.9169;N39.1286;12;
3;USA;Kansas;Leavenworth;Tonganoxie;W95.0878;N39.1097;12;
3;USA;Kansas;Leavenworth;Wadsworth;W94.9003;N39.2783;12;
3;USA;Kansas;Leavenworth;Xavier;W94.9092;N39.2772;12;
3;USA;Kansas;Lincoln;Ash Grove;W98.3619;N39.1614;12;
3;USA;Kansas;Lincoln;Barnard;W98.0419;N39.1906;12;
3;USA;Kansas;Lincoln;Barton;W98.0775;N38.9939;12;
3;USA;Kansas;Lincoln;Beverly;W97.9756;N39.0128;12;
3;USA;Kansas;Lincoln;Denmark;W98.2869;N39.0892;12;
3;USA;Kansas;Lincoln;Edalgo;W98.0469;N38.9717;12;
3;USA;Kansas;Lincoln;Goldenrod;W98.2444;N39.06;12;
3;USA;Kansas;Lincoln;Grant;W98.3336;N39.1186;12;
3;USA;Kansas;Lincoln;Juniata;W97.9647;N38.9153;12;
3;USA;Kansas;Lincoln;Lincoln;W98.1447;N39.0408;12;
3;USA;Kansas;Lincoln;Milo;W97.9675;N39.1722;12;
3;USA;Kansas;Lincoln;Quartzite;W98.0947;N39.0211;12;
3;USA;Kansas;Lincoln;Shady Bend;W98.0217;N39.0183;12;
3;USA;Kansas;Lincoln;Sylvan Grove;W98.3942;N39.0094;12;
3;USA;Kansas;Lincoln;Vesper;W98.28;N39.0319;12;
3;USA;Kansas;Lincoln;Westfall;W98.0114;N38.93;12;
3;USA;Kansas;Lincoln;Wolf Creek;W98.4781;N39.0344;12;
3;USA;Kansas;Linn;Blue Mound;W95.0064;N38.09;12;
3;USA;Kansas;Linn;Boicourt;W94.7203;N38.2708;12;
3;USA;Kansas;Linn;Cadmus;W94.8994;N38.3456;12;
3;USA;Kansas;Linn;Centerville;W95.0142;N38.2208;12;
3;USA;Kansas;Linn;Critzer;W94.9128;N38.14;12;
3;USA;Kansas;Linn;Dunlay;W94.9975;N38.2583;12;
3;USA;Kansas;Linn;Farlinville;W94.8539;N38.2333;12;
3;USA;Kansas;Linn;Goodrich;W94.9919;N38.2847;12;
3;USA;Kansas;Linn;La Cygne Corner;W94.6781;N38.3456;12;
3;USA;Kansas;Linn;La Cygne;W94.7614;N38.35;12;
3;USA;Kansas;Linn;Linn Valley;W94.7094;N38.3775;12;
3;USA;Kansas;Linn;Mantey;W94.8058;N38.0522;12;
3;USA;Kansas;Linn;Mound City;W94.8136;N38.1428;12;
3;USA;Kansas;Linn;Parker;W94.9919;N38.3283;12;
3;USA;Kansas;Linn;Pleasanton;W94.7114;N38.1778;12;
3;USA;Kansas;Linn;Prescott;W94.6956;N38.0636;12;
3;USA;Kansas;Linn;Trading Post;W94.6808;N38.2486;12;
3;USA;Kansas;Logan;Elkader;W100.859;N38.7933;12;
3;USA;Kansas;Logan;McAllaster;W101.392;N39.0061;12;
3;USA;Kansas;Logan;Monument;W101.007;N39.1044;12;
3;USA;Kansas;Logan;Oakley;W100.864;N39.1333;12;
3;USA;Kansas;Logan;Page City;W101.146;N39.0897;12;
3;USA;Kansas;Logan;Russell Springs;W101.182;N38.9133;12;
3;USA;Kansas;Logan;Winona;W101.244;N39.0633;12;
3;USA;Kansas;Lyon;Admire;W96.1031;N38.6411;12;
3;USA;Kansas;Lyon;Allen;W96.1697;N38.6561;12;
3;USA;Kansas;Lyon;Americus;W96.2619;N38.5069;12;
3;USA;Kansas;Lyon;Bushong;W96.2572;N38.6431;12;
3;USA;Kansas;Lyon;Emporia Junction;W96.1614;N38.4028;12;
3;USA;Kansas;Lyon;Emporia;W96.1817;N38.4039;12;
3;USA;Kansas;Lyon;Hartford;W95.9558;N38.3083;12;
3;USA;Kansas;Lyon;Lang;W96.0836;N38.46;12;
3;USA;Kansas;Lyon;Merrick;W96.2447;N38.4028;12;
3;USA;Kansas;Lyon;Miller;W95.9906;N38.6344;12;
3;USA;Kansas;Lyon;Neosho Rapids;W95.9919;N38.3694;12;
3;USA;Kansas;Lyon;Olpe;W96.1669;N38.2625;12;
3;USA;Kansas;Lyon;Plymouth;W96.3322;N38.4139;12;
3;USA;Kansas;Lyon;Reading;W95.9586;N38.5194;12;
3;USA;Kansas;Marion;Antelope;W96.9739;N38.4361;12;
3;USA;Kansas;Marion;Aulne;W97.0767;N38.2761;12;
3;USA;Kansas;Marion;Burns;W96.8864;N38.0903;12;
3;USA;Kansas;Marion;Canada;W97.1128;N38.3542;12;
3;USA;Kansas;Marion;Durham;W97.2281;N38.4861;12;
3;USA;Kansas;Marion;Eastshore;W97.0739;N38.3819;12;
3;USA;Kansas;Marion;Florence;W96.9281;N38.2444;12;
3;USA;Kansas;Marion;Goessel;W97.3489;N38.2464;12;
3;USA;Kansas;Marion;Hillsboro;W97.2044;N38.3519;12;
3;USA;Kansas;Marion;Lehigh;W97.3031;N38.3728;12;
3;USA;Kansas;Marion;Lincolnville;W96.96;N38.4933;12;
3;USA;Kansas;Marion;Lost Springs;W96.9664;N38.5661;12;
3;USA;Kansas;Marion;Marion;W97.0172;N38.3483;12;
3;USA;Kansas;Marion;Oursler;W96.9831;N38.2906;12;
3;USA;Kansas;Marion;Peabody;W97.1067;N38.1694;12;
3;USA;Kansas;Marion;Pilsen;W97.0403;N38.4714;12;
3;USA;Kansas;Marion;Ramona;W97.0619;N38.5972;12;
3;USA;Kansas;Marion;Tampa;W97.1531;N38.5472;12;
3;USA;Kansas;Marion;Waldeck;W97.335;N38.4306;12;
3;USA;Kansas;Marshall;Alcove Spring;W96.6781;N39.7608;12;
3;USA;Kansas;Marshall;Axtell;W96.2589;N39.8717;12;
3;USA;Kansas;Marshall;Beattie;W96.4197;N39.8611;12;
3;USA;Kansas;Marshall;Bestwall;W96.6475;N39.7111;12;
3;USA;Kansas;Marshall;Blue Rapids;W96.6597;N39.6819;12;
3;USA;Kansas;Marshall;Bremen;W96.7892;N39.9014;12;
3;USA;Kansas;Marshall;Carden;W96.5808;N39.8278;12;
3;USA;Kansas;Marshall;Cottage Hill;W96.7497;N39.5972;12;
3;USA;Kansas;Marshall;Frankfort;W96.4169;N39.7056;12;
3;USA;Kansas;Marshall;Herkimer;W96.7111;N39.8911;12;
3;USA;Kansas;Marshall;Hermansberg;W96.7683;N39.9339;12;
3;USA;Kansas;Marshall;Home;W96.5197;N39.8417;12;
3;USA;Kansas;Marshall;Lillis;W96.2961;N39.6097;12;
3;USA;Kansas;Marshall;Lone Elm;W96.6558;N39.9583;12;
3;USA;Kansas;Marshall;Marietta;W96.6086;N39.9431;12;
3;USA;Kansas;Marshall;Marysville;W96.6472;N39.8411;12;
3;USA;Kansas;Marshall;Nolan;W96.2781;N39.5667;12;
3;USA;Kansas;Marshall;Oketo;W96.5997;N39.9636;12;
3;USA;Kansas;Marshall;Reedsville;W96.5389;N39.7692;12;
3;USA;Kansas;Marshall;Saint Bridget;W96.2639;N39.9661;12;
3;USA;Kansas;Marshall;Shroyer;W96.6786;N39.7694;12;
3;USA;Kansas;Marshall;Sullivan;W96.3558;N39.6653;12;
3;USA;Kansas;Marshall;Summerfield;W96.3503;N39.9972;12;
3;USA;Kansas;Marshall;Summit;W96.3475;N39.8972;12;
3;USA;Kansas;Marshall;Upland;W96.5558;N39.8244;12;
3;USA;Kansas;Marshall;Vermillion;W96.2658;N39.7194;12;
3;USA;Kansas;Marshall;Vliets;W96.3336;N39.7139;12;
3;USA;Kansas;Marshall;Waterville;W96.7475;N39.6911;12;
3;USA;Kansas;Marshall;Winifred;W96.4808;N39.7694;12;
3;USA;Kansas;McPherson;Canton;W97.4281;N38.3861;12;
3;USA;Kansas;McPherson;Conway;W97.7864;N38.3694;12;
3;USA;Kansas;McPherson;Elyria;W97.6269;N38.2906;12;
3;USA;Kansas;McPherson;Freemount;W97.7775;N38.5453;12;
3;USA;Kansas;McPherson;Galva;W97.5375;N38.3819;12;
3;USA;Kansas;McPherson;Groveland;W97.7294;N38.2931;12;
3;USA;Kansas;McPherson;Hilton;W97.6756;N38.4422;12;
3;USA;Kansas;McPherson;Inman;W97.7733;N38.2319;12;
3;USA;Kansas;McPherson;Jenkins;W97.7219;N38.55;12;
3;USA;Kansas;McPherson;Johnstown;W97.6756;N38.4928;12;
3;USA;Kansas;McPherson;Lindsborg;W97.6744;N38.5736;12;
3;USA;Kansas;McPherson;Mackie;W97.8047;N38.5958;12;
3;USA;Kansas;McPherson;Marquette;W97.8336;N38.5556;12;
3;USA;Kansas;McPherson;McPherson;W97.6642;N38.3708;12;
3;USA;Kansas;McPherson;Moundridge;W97.5192;N38.2031;12;
3;USA;Kansas;McPherson;New Gottland;W97.6114;N38.4497;12;
3;USA;Kansas;McPherson;Roxbury;W97.4303;N38.5508;12;
3;USA;Kansas;McPherson;Windom;W97.91;N38.3839;12;
3;USA;Kansas;Meade;Collano;W100.507;N37.2989;12;
3;USA;Kansas;Meade;Fowler;W100.196;N37.3856;12;
3;USA;Kansas;Meade;Hobart;W100.524;N37.2906;12;
3;USA;Kansas;Meade;Meade;W100.34;N37.2856;12;
3;USA;Kansas;Meade;Missler;W100.435;N37.3178;12;
3;USA;Kansas;Meade;Plains;W100.593;N37.2603;12;
3;USA;Kansas;Miami;Antioch;W94.9456;N38.7233;12;
3;USA;Kansas;Miami;Beagle;W94.955;N38.4181;12;
3;USA;Kansas;Miami;Block;W94.8081;N38.505;12;
3;USA;Kansas;Miami;Bucyrus;W94.7183;N38.7264;12;
3;USA;Kansas;Miami;Chiles;W94.7617;N38.6797;12;
3;USA;Kansas;Miami;Drexel Corner;W94.6767;N38.4764;12;
3;USA;Kansas;Miami;Fontana;W94.8383;N38.4258;12;
3;USA;Kansas;Miami;Henson;W94.8658;N38.5056;12;
3;USA;Kansas;Miami;Hillsdale;W94.8503;N38.6597;12;
3;USA;Kansas;Miami;Jingo;W94.6961;N38.4039;12;
3;USA;Kansas;Miami;Lento;W94.8461;N38.6167;12;
3;USA;Kansas;Miami;Louisburg;W94.6808;N38.6194;12;
3;USA;Kansas;Miami;New Lancaster;W94.7331;N38.4625;12;
3;USA;Kansas;Miami;O'Brien;W95.0281;N38.5133;12;
3;USA;Kansas;Miami;Osawatomie;W94.9506;N38.4972;12;
3;USA;Kansas;Miami;Paola;W94.8792;N38.5722;12;
3;USA;Kansas;Miami;Ringer;W94.9086;N38.5344;12;
3;USA;Kansas;Miami;Somerset;W94.7689;N38.605;12;
3;USA;Kansas;Miami;Stanton;W95.0544;N38.5433;12;
3;USA;Kansas;Miami;Wagstaff;W94.7964;N38.665;12;
3;USA;Kansas;Miami;Wea;W94.6669;N38.7153;12;
3;USA;Kansas;Mitchell;Asherville;W97.9769;N39.4058;12;
3;USA;Kansas;Mitchell;Beloit;W98.1061;N39.4561;12;
3;USA;Kansas;Mitchell;Blue Hill;W98.3636;N39.3069;12;
3;USA;Kansas;Mitchell;Cawker City;W98.4336;N39.5125;12;
3;USA;Kansas;Mitchell;Gilbert;W98.0411;N39.4828;12;
3;USA;Kansas;Mitchell;Glen Elder;W98.3086;N39.4986;12;
3;USA;Kansas;Mitchell;Hunter;W98.3972;N39.2342;12;
3;USA;Kansas;Mitchell;Scottsville;W97.9531;N39.5436;12;
3;USA;Kansas;Mitchell;Simpson;W97.9314;N39.3853;12;
3;USA;Kansas;Mitchell;Solomon Rapids;W98.1925;N39.4736;12;
3;USA;Kansas;Mitchell;Tipton;W98.4708;N39.3431;12;
3;USA;Kansas;Mitchell;Victor;W98.2839;N39.2481;12;
3;USA;Kansas;Montgomery;Avian;W95.6017;N37.0958;12;
3;USA;Kansas;Montgomery;Blake;W95.7572;N37.1675;12;
3;USA;Kansas;Montgomery;Bolton;W95.8056;N37.1567;12;
3;USA;Kansas;Montgomery;Caney;W95.9353;N37.0114;12;
3;USA;Kansas;Montgomery;Cherryvale;W95.5525;N37.2703;12;
3;USA;Kansas;Montgomery;Coffeyville;W95.6164;N37.0372;12;
3;USA;Kansas;Montgomery;Crane;W95.7969;N37.2794;12;
3;USA;Kansas;Montgomery;Dearing;W95.7133;N37.0586;12;
3;USA;Kansas;Montgomery;Elk City;W95.9117;N37.2892;12;
3;USA;Kansas;Montgomery;Fruitland;W95.7108;N37.2039;12;
3;USA;Kansas;Montgomery;Havana;W95.9419;N37.0917;12;
3;USA;Kansas;Montgomery;Independence;W95.7083;N37.2242;12;
3;USA;Kansas;Montgomery;Jefferson;W95.7614;N37.1122;12;
3;USA;Kansas;Montgomery;Le Hunt;W95.7519;N37.2692;12;
3;USA;Kansas;Montgomery;Liberty;W95.5947;N37.1556;12;
3;USA;Kansas;Montgomery;Owen;W95.9319;N36.9992;12;
3;USA;Kansas;Montgomery;Sycamore;W95.7156;N37.3269;12;
3;USA;Kansas;Montgomery;Tyro;W95.8214;N37.0378;12;
3;USA;Kansas;Montgomery;Wayside;W95.8733;N37.1247;12;
3;USA;Kansas;Montgomery;West Coffeyville;W95.67;N37.0389;12;
3;USA;Kansas;Morris;Burdick;W96.8456;N38.5636;12;
3;USA;Kansas;Morris;Council Grove;W96.4919;N38.6611;12;
3;USA;Kansas;Morris;Delavan;W96.8133;N38.6561;12;
3;USA;Kansas;Morris;Diamond Springs;W96.7444;N38.5575;12;
3;USA;Kansas;Morris;Dunlap;W96.3658;N38.5764;12;
3;USA;Kansas;Morris;Dwight;W96.5933;N38.8444;12;
3;USA;Kansas;Morris;Helmick;W96.6003;N38.6278;12;
3;USA;Kansas;Morris;Kelso;W96.5706;N38.7347;12;
3;USA;Kansas;Morris;Latimer;W96.8456;N38.7389;12;
3;USA;Kansas;Morris;Parkerville;W96.6614;N38.7639;12;
3;USA;Kansas;Morris;Skiddy;W96.7944;N38.8681;12;
3;USA;Kansas;Morris;White City;W96.7358;N38.7956;12;
3;USA;Kansas;Morris;Wilsey;W96.6753;N38.6361;12;
3;USA;Kansas;Morton;Elkhart;W101.89;N37.0081;12;
3;USA;Kansas;Morton;Richfield;W101.782;N37.2661;12;
3;USA;Kansas;Morton;Rolla;W101.632;N37.12;12;
3;USA;Kansas;Morton;Wilburton;W101.773;N37.0736;12;
3;USA;Kansas;Nemaha;America City;W96.0319;N39.5736;12;
3;USA;Kansas;Nemaha;Baileyville;W96.185;N39.8444;12;
3;USA;Kansas;Nemaha;Bancroft;W95.9003;N39.6083;12;
3;USA;Kansas;Nemaha;Beckerville;W96.1639;N39.6097;12;
3;USA;Kansas;Nemaha;Bern;W95.9719;N39.9622;12;
3;USA;Kansas;Nemaha;Berwick;W95.8447;N39.9333;12;
3;USA;Kansas;Nemaha;Capioma;W95.8203;N39.7767;12;
3;USA;Kansas;Nemaha;Centralia;W96.1272;N39.7258;12;
3;USA;Kansas;Nemaha;Corning;W96.0294;N39.6572;12;
3;USA;Kansas;Nemaha;Goff;W95.9322;N39.6639;12;
3;USA;Kansas;Nemaha;Granada;W95.7936;N39.72;12;
3;USA;Kansas;Nemaha;Kelly;W96.0033;N39.7378;12;
3;USA;Kansas;Nemaha;Neuchatel;W96.2019;N39.5681;12;
3;USA;Kansas;Nemaha;Oneida;W95.9392;N39.8639;12;
3;USA;Kansas;Nemaha;Ontario;W95.8822;N39.5667;12;
3;USA;Kansas;Nemaha;Sabetha;W95.8008;N39.9022;12;
3;USA;Kansas;Nemaha;Saint Benedict;W96.0989;N39.8872;12;
3;USA;Kansas;Nemaha;Seneca;W96.0642;N39.8342;12;
3;USA;Kansas;Nemaha;Wetmore;W95.8114;N39.6333;12;
3;USA;Kansas;Nemaha;Woodlawn;W95.8647;N39.7833;12;
3;USA;Kansas;Neosho;Chanute;W95.4572;N37.6792;12;
3;USA;Kansas;Neosho;Earlton;W95.4692;N37.5881;12;
3;USA;Kansas;Neosho;Erie;W95.2433;N37.5681;12;
3;USA;Kansas;Neosho;Galesburg;W95.3586;N37.4736;12;
3;USA;Kansas;Neosho;Hayden;W95.2611;N37.4278;12;
3;USA;Kansas;Neosho;Kimball;W95.1636;N37.6611;12;
3;USA;Kansas;Neosho;Morehead;W95.5078;N37.3842;12;
3;USA;Kansas;Neosho;Odense;W95.2519;N37.7031;12;
3;USA;Kansas;Neosho;Rollin;W95.3561;N37.6342;12;
3;USA;Kansas;Neosho;Saint Paul;W95.1733;N37.5189;12;
3;USA;Kansas;Neosho;Shaw;W95.3175;N37.6022;12;
3;USA;Kansas;Neosho;South Mound;W95.2286;N37.4372;12;
3;USA;Kansas;Neosho;Stark;W95.1431;N37.69;12;
3;USA;Kansas;Neosho;Thayer;W95.4703;N37.4931;12;
3;USA;Kansas;Neosho;Urbana;W95.3994;N37.5581;12;
3;USA;Kansas;Ness;Arnold;W100.046;N38.6403;12;
3;USA;Kansas;Ness;Bazine;W99.6919;N38.4444;12;
3;USA;Kansas;Ness;Beeler;W100.195;N38.4444;12;
3;USA;Kansas;Ness;Brownell;W99.7461;N38.6403;12;
3;USA;Kansas;Ness;Harold;W99.9333;N38.2725;12;
3;USA;Kansas;Ness;Laird;W100.054;N38.4475;12;
3;USA;Kansas;Ness;Ness City;W99.9064;N38.4528;12;
3;USA;Kansas;Ness;Osgood;W99.8442;N38.6578;12;
3;USA;Kansas;Ness;Ransom;W99.9336;N38.6361;12;
3;USA;Kansas;Ness;Riverside;W99.7872;N38.2908;12;
3;USA;Kansas;Ness;Utica;W100.17;N38.6439;12;
3;USA;Kansas;Norton;Almena;W99.7069;N39.8922;12;
3;USA;Kansas;Norton;Calvert;W99.7578;N39.8497;12;
3;USA;Kansas;Norton;Clayton;W100.177;N39.7375;12;
3;USA;Kansas;Norton;Dellvale;W100.035;N39.7722;12;
3;USA;Kansas;Norton;Densmore;W99.7392;N39.6383;12;
3;USA;Kansas;Norton;Devizes;W100.057;N39.9911;12;
3;USA;Kansas;Norton;Edmond;W99.8225;N39.6272;12;
3;USA;Kansas;Norton;Lenora;W100.002;N39.6106;12;
3;USA;Kansas;Norton;New Almelo;W100.118;N39.5942;12;
3;USA;Kansas;Norton;Norton;W99.8914;N39.8339;12;
3;USA;Kansas;Norton;Oronoque;W100.025;N39.7889;12;
3;USA;Kansas;Norton;Reager;W100.096;N39.8269;12;
3;USA;Kansas;Norton;Rockwell;W100.084;N39.8333;12;
3;USA;Kansas;Osage;Arvonia;W95.8697;N38.4806;12;
3;USA;Kansas;Osage;Barclay;W95.8803;N38.5772;12;
3;USA;Kansas;Osage;Burlingame;W95.835;N38.7539;12;
3;USA;Kansas;Osage;Carbondale;W95.6892;N38.8186;12;
3;USA;Kansas;Osage;Four Corners;W95.6864;N38.7825;12;
3;USA;Kansas;Osage;Lyndon Station;W95.6847;N38.6419;12;
3;USA;Kansas;Osage;Lyndon;W95.6844;N38.61;12;
3;USA;Kansas;Osage;Melvern;W95.6378;N38.5069;12;
3;USA;Kansas;Osage;Michigan Valley;W95.5267;N38.6817;12;
3;USA;Kansas;Osage;Mineral Springs;W95.6869;N38.8408;12;
3;USA;Kansas;Osage;Olivet;W95.7517;N38.4806;12;
3;USA;Kansas;Osage;Osage City;W95.8258;N38.6339;12;
3;USA;Kansas;Osage;Overbrook;W95.5572;N38.7806;12;
3;USA;Kansas;Osage;Peterton;W95.8169;N38.6736;12;
3;USA;Kansas;Osage;Quenemo;W95.5269;N38.5797;12;
3;USA;Kansas;Osage;Ridgeton;W95.7683;N38.4675;12;
3;USA;Kansas;Osage;Scranton;W95.7386;N38.7817;12;
3;USA;Kansas;Osage;Swissvale;W95.5803;N38.8336;12;
3;USA;Kansas;Osage;Vassar;W95.6225;N38.6472;12;
3;USA;Kansas;Osborne;Alton;W98.9481;N39.4708;12;
3;USA;Kansas;Osborne;Bloomington;W98.7869;N39.4517;12;
3;USA;Kansas;Osborne;Cheyenne Gap;W98.6481;N39.22;12;
3;USA;Kansas;Osborne;Cheyenne;W98.6389;N39.1767;12;
3;USA;Kansas;Osborne;Corinth;W98.5453;N39.4161;12;
3;USA;Kansas;Osborne;Covert;W98.8108;N39.2803;12;
3;USA;Kansas;Osborne;Downs;W98.5419;N39.4986;12;
3;USA;Kansas;Osborne;Forney;W98.62;N39.4156;12;
3;USA;Kansas;Osborne;Natoma;W99.0286;N39.1908;12;
3;USA;Kansas;Osborne;Osborne;W98.6947;N39.4389;12;
3;USA;Kansas;Osborne;Portis;W98.6933;N39.5636;12;
3;USA;Kansas;Osborne;Vincent;W98.7197;N39.1917;12;
3;USA;Kansas;Ottawa;Ada;W97.8892;N39.1514;12;
3;USA;Kansas;Ottawa;Alfmil;W97.7222;N39.1319;12;
3;USA;Kansas;Ottawa;Bennington;W97.5942;N39.0306;12;
3;USA;Kansas;Ottawa;Brewer;W97.7878;N39.1244;12;
3;USA;Kansas;Ottawa;Culver;W97.7589;N38.9708;12;
3;USA;Kansas;Ottawa;Delphos;W97.7719;N39.2739;12;
3;USA;Kansas;Ottawa;Lamar;W97.5747;N39.2561;12;
3;USA;Kansas;Ottawa;Lindsey;W97.6781;N39.0936;12;
3;USA;Kansas;Ottawa;Minneapolis;W97.7067;N39.1219;12;
3;USA;Kansas;Ottawa;Niles;W97.4628;N38.9694;12;
3;USA;Kansas;Ottawa;Sumnerville;W97.7364;N39.1975;12;
3;USA;Kansas;Ottawa;Tescott;W97.8756;N39.0081;12;
3;USA;Kansas;Ottawa;Verdi;W97.5031;N38.9917;12;
3;USA;Kansas;Ottawa;Vine Creek;W97.4158;N39.1181;12;
3;USA;Kansas;Ottawa;Wells;W97.5508;N39.1389;12;
3;USA;Kansas;Pawnee;Ash Valley;W99.2164;N38.305;12;
3;USA;Kansas;Pawnee;Bert Wettar;W99.3683;N38.1914;12;
3;USA;Kansas;Pawnee;Burdett;W99.5267;N38.1919;12;
3;USA;Kansas;Pawnee;Frizell;W99.2142;N38.1661;12;
3;USA;Kansas;Pawnee;Garfield;W99.2447;N38.0778;12;
3;USA;Kansas;Pawnee;Hamburg;W99.1703;N38.1256;12;
3;USA;Kansas;Pawnee;Larned;W99.0986;N38.1806;12;
3;USA;Kansas;Pawnee;Ray;W98.9675;N38.1744;12;
3;USA;Kansas;Pawnee;Rozel;W99.4031;N38.1958;12;
3;USA;Kansas;Pawnee;Sanford;W99.3142;N38.1806;12;
3;USA;Kansas;Pawnee;Vaughn;W99.2861;N38.3411;12;
3;USA;Kansas;Pawnee;Zook;W99.0869;N38.0578;12;
3;USA;Kansas;Phillips;Agra;W99.1192;N39.7617;12;
3;USA;Kansas;Phillips;Glade;W99.3097;N39.6847;12;
3;USA;Kansas;Phillips;Gretna;W99.2128;N39.7653;12;
3;USA;Kansas;Phillips;Kirwin;W99.1222;N39.6731;12;
3;USA;Kansas;Phillips;Logan;W99.5703;N39.6617;12;
3;USA;Kansas;Phillips;Long Island;W99.5358;N39.9494;12;
3;USA;Kansas;Phillips;Phillipsburg;W99.3239;N39.7561;12;
3;USA;Kansas;Phillips;Prairie View;W99.5725;N39.8325;12;
3;USA;Kansas;Phillips;Speed;W99.4208;N39.6772;12;
3;USA;Kansas;Phillips;Stuttgart;W99.4553;N39.7994;12;
3;USA;Kansas;Phillips;Woodruff;W99.4264;N39.9928;12;
3;USA;Kansas;Pottawatomie;Aikins;W96.1164;N39.3681;12;
3;USA;Kansas;Pottawatomie;Barret;W96.4503;N39.6708;12;
3;USA;Kansas;Pottawatomie;Belvue;W96.1781;N39.2167;12;
3;USA;Kansas;Pottawatomie;Blaine;W96.4031;N39.4967;12;
3;USA;Kansas;Pottawatomie;Duluth;W96.2231;N39.5247;12;
3;USA;Kansas;Pottawatomie;Emmett;W96.0561;N39.3072;12;
3;USA;Kansas;Pottawatomie;Flush;W96.4406;N39.2944;12;
3;USA;Kansas;Pottawatomie;Fostoria;W96.5078;N39.4397;12;
3;USA;Kansas;Pottawatomie;Havensville;W96.0781;N39.5111;12;
3;USA;Kansas;Pottawatomie;Laclede;W96.2211;N39.3472;12;
3;USA;Kansas;Pottawatomie;Louisville;W96.3147;N39.2503;12;
3;USA;Kansas;Pottawatomie;Olsburg;W96.6156;N39.4306;12;
3;USA;Kansas;Pottawatomie;Onaga;W96.17;N39.4889;12;
3;USA;Kansas;Pottawatomie;Saint Clere;W96.0558;N39.3692;12;
3;USA;Kansas;Pottawatomie;Saint George;W96.4203;N39.1911;12;
3;USA;Kansas;Pottawatomie;Saint Marys;W96.0711;N39.1942;12;
3;USA;Kansas;Pottawatomie;Swamp Angel;W96.4822;N39.1944;12;
3;USA;Kansas;Pottawatomie;Wamego;W96.305;N39.2019;12;
3;USA;Kansas;Pottawatomie;Westmoreland;W96.4136;N39.3939;12;
3;USA;Kansas;Pottawatomie;Wheaton;W96.3208;N39.5022;12;
3;USA;Kansas;Pratt;Byers;W98.8669;N37.7875;12;
3;USA;Kansas;Pratt;Cairo;W98.5544;N37.65;12;
3;USA;Kansas;Pratt;Coats;W98.8242;N37.5119;12;
3;USA;Kansas;Pratt;Croft;W98.9947;N37.5033;12;
3;USA;Kansas;Pratt;Cullison;W98.9053;N37.6306;12;
3;USA;Kansas;Pratt;Hopewell;W98.9956;N37.8047;12;
3;USA;Kansas;Pratt;Iuka;W98.735;N37.7292;12;
3;USA;Kansas;Pratt;Natrona;W98.6647;N37.7119;12;
3;USA;Kansas;Pratt;Pratt;W98.7375;N37.6439;12;
3;USA;Kansas;Pratt;Preston;W98.5531;N37.7589;12;
3;USA;Kansas;Pratt;Sawyer;W98.6822;N37.4972;12;
3;USA;Kansas;Pratt;Springvale;W98.9461;N37.5119;12;
3;USA;Kansas;Pratt;Waldeck;W98.61;N37.6539;12;
3;USA;Kansas;Rawlins;Achilles;W100.836;N39.7119;12;
3;USA;Kansas;Rawlins;Atwood;W101.042;N39.8067;12;
3;USA;Kansas;Rawlins;Beardsley;W101.228;N39.8144;12;
3;USA;Kansas;Rawlins;Blakeman;W101.117;N39.8222;12;
3;USA;Kansas;Rawlins;Chardon;W101.057;N39.6547;12;
3;USA;Kansas;Rawlins;Herndon;W100.785;N39.9097;12;
3;USA;Kansas;Rawlins;Ludell;W100.96;N39.8556;12;
3;USA;Kansas;Rawlins;McDonald;W101.376;N39.7858;12;
3;USA;Kansas;Rawlins;Midway;W100.778;N39.8292;12;
3;USA;Kansas;Rawlins;North Atwood;W101.047;N39.8236;12;
3;USA;Kansas;Rawlins;Salem;W98.4844;N39.8717;12;
3;USA;Kansas;Reno;Abbyville;W98.2042;N37.9708;12;
3;USA;Kansas;Reno;Adams Corner;W98.0872;N38.0575;12;
3;USA;Kansas;Reno;Arlington;W98.1786;N37.8967;12;
3;USA;Kansas;Reno;Buhler;W97.77;N38.1344;12;
3;USA;Kansas;Reno;Castleton;W97.9692;N37.8678;12;
3;USA;Kansas;Reno;Charters Corner;W98.1792;N38.0575;12;
3;USA;Kansas;Reno;Cruppers Corner;W97.9403;N37.97;12;
3;USA;Kansas;Reno;Darlow;W97.95;N37.9408;12;
3;USA;Kansas;Reno;Elmer;W97.9303;N37.9694;12;
3;USA;Kansas;Reno;Haven;W97.7828;N37.8989;12;
3;USA;Kansas;Reno;Huntsville;W98.3258;N38.0572;12;
3;USA;Kansas;Reno;Hutchinson;W97.9297;N38.0608;12;
3;USA;Kansas;Reno;Kilbourns Corner;W98.3261;N38.1592;12;
3;USA;Kansas;Reno;Langdon;W98.3244;N37.8539;12;
3;USA;Kansas;Reno;Lerado;W98.2825;N37.7764;12;
3;USA;Kansas;Reno;McVays Corner;W98.2522;N38.1589;12;
3;USA;Kansas;Reno;Medora;W97.8456;N38.1489;12;
3;USA;Kansas;Reno;Nickerson;W98.0836;N38.1472;12;
3;USA;Kansas;Reno;Obeeville;W97.8489;N38.0575;12;
3;USA;Kansas;Reno;Partridge;W98.0925;N37.9672;12;
3;USA;Kansas;Reno;Plevna;W98.3086;N37.9722;12;
3;USA;Kansas;Reno;Pretty Prairie;W98.0197;N37.78;12;
3;USA;Kansas;Reno;Punkin Center;W97.7753;N38.0139;12;
3;USA;Kansas;Reno;Saint Joe;W97.7319;N37.7489;12;
3;USA;Kansas;Reno;South Hutchinson;W97.9403;N38.0281;12;
3;USA;Kansas;Reno;Sylvia;W98.4081;N37.9578;12;
3;USA;Kansas;Reno;Turon;W98.4267;N37.8072;12;
3;USA;Kansas;Reno;Whiteside;W98.015;N38.0075;12;
3;USA;Kansas;Reno;Willowbrook;W97.9919;N38.1019;12;
3;USA;Kansas;Reno;Yaggy;W98.0089;N38.0969;12;
3;USA;Kansas;Reno;Yoder;W97.8683;N37.9403;12;
3;USA;Kansas;Republic;Agenda;W97.4317;N39.7078;12;
3;USA;Kansas;Republic;Belleville;W97.6325;N39.8244;12;
3;USA;Kansas;Republic;Courtland;W97.8928;N39.7814;12;
3;USA;Kansas;Republic;Cuba;W97.4558;N39.8028;12;
3;USA;Kansas;Republic;Harbine;W97.7683;N39.9994;12;
3;USA;Kansas;Republic;Haworth;W97.3878;N39.825;12;
3;USA;Kansas;Republic;Kackley;W97.8531;N39.7;12;
3;USA;Kansas;Republic;Munden;W97.5381;N39.9139;12;
3;USA;Kansas;Republic;Narka;W97.4258;N39.9606;12;
3;USA;Kansas;Republic;Norway;W97.7739;N39.6961;12;
3;USA;Kansas;Republic;Republic;W97.8217;N39.9236;12;
3;USA;Kansas;Republic;Rydal;W97.7114;N39.8133;12;
3;USA;Kansas;Republic;Scandia;W97.7836;N39.7944;12;
3;USA;Kansas;Republic;Sherdahl;W97.8081;N39.8569;12;
3;USA;Kansas;Republic;Tabor;W97.5169;N39.8569;12;
3;USA;Kansas;Republic;Talmo;W97.5881;N39.6958;12;
3;USA;Kansas;Republic;Warwick;W97.9072;N39.9986;12;
3;USA;Kansas;Republic;Wayne;W97.5419;N39.7147;12;
3;USA;Kansas;Republic;White Rock;W97.9322;N39.8861;12;
3;USA;Kansas;Rice;Alden;W98.3119;N38.2422;12;
3;USA;Kansas;Rice;Bushton;W98.3953;N38.5125;12;
3;USA;Kansas;Rice;Chase;W98.3494;N38.355;12;
3;USA;Kansas;Rice;Crawford;W98.035;N38.5133;12;
3;USA;Kansas;Rice;Frederick;W98.2683;N38.5133;12;
3;USA;Kansas;Rice;Galt;W98.0844;N38.4644;12;
3;USA;Kansas;Rice;Geneseo;W98.1567;N38.5161;12;
3;USA;Kansas;Rice;Little River;W98.0119;N38.3981;12;
3;USA;Kansas;Rice;Lyons;W98.2017;N38.345;12;
3;USA;Kansas;Rice;Mitchell;W98.0997;N38.3839;12;
3;USA;Kansas;Rice;Pollard;W98.2106;N38.4497;12;
3;USA;Kansas;Rice;Raymond;W98.4158;N38.2769;12;
3;USA;Kansas;Rice;Saxman;W98.1258;N38.2806;12;
3;USA;Kansas;Rice;Silica;W98.4619;N38.3517;12;
3;USA;Kansas;Rice;Sterling;W98.2069;N38.21;12;
3;USA;Kansas;Riley;Bala;W96.9497;N39.3097;12;
3;USA;Kansas;Riley;Bluemont Hill;W96.56;N39.1928;12;
3;USA;Kansas;Riley;Elm Hollow Corner;W96.7122;N39.1894;12;
3;USA;Kansas;Riley;Eureka Lake;W96.6392;N39.1519;12;
3;USA;Kansas;Riley;Fairmont;W96.5489;N39.1769;12;
3;USA;Kansas;Riley;Keats;W96.7086;N39.2236;12;
3;USA;Kansas;Riley;Lasita;W96.9425;N39.4089;12;
3;USA;Kansas;Riley;Leonardville;W96.8589;N39.3644;12;
3;USA;Kansas;Riley;Manhattan;W96.5717;N39.1836;12;
3;USA;Kansas;Riley;Ogden;W96.7061;N39.1111;12;
3;USA;Kansas;Riley;Pillsbury Crossing;W96.4406;N39.1297;12;
3;USA;Kansas;Riley;Randolph;W96.76;N39.4306;12;
3;USA;Kansas;Riley;Riley;W96.8308;N39.2989;12;
3;USA;Kansas;Riley;Rocky Ford;W96.5897;N39.2375;12;
3;USA;Kansas;Riley;Sunset Park;W96.5961;N39.1758;12;
3;USA;Kansas;Riley;Walsburg;W96.8117;N39.3931;12;
3;USA;Kansas;Riley;Winkler;W96.8317;N39.4817;12;
3;USA;Kansas;Riley;Zeandale;W96.4267;N39.1594;12;
3;USA;Kansas;Rooks;Codell;W99.1772;N39.1933;12;
3;USA;Kansas;Rooks;Damar;W99.5825;N39.3189;12;
3;USA;Kansas;Rooks;Laton;W99.0767;N39.2856;12;
3;USA;Kansas;Rooks;Palco;W99.5628;N39.2522;12;
3;USA;Kansas;Rooks;Plainville;W99.2981;N39.2347;12;
3;USA;Kansas;Rooks;Stockton;W99.265;N39.4381;12;
3;USA;Kansas;Rooks;Webster;W99.4358;N39.4017;12;
3;USA;Kansas;Rooks;Woodston;W99.0956;N39.4553;12;
3;USA;Kansas;Rooks;Zurich;W99.4381;N39.2344;12;
3;USA;Kansas;Rush;Alexander;W99.5531;N38.4694;12;
3;USA;Kansas;Rush;Bison;W99.1972;N38.5228;12;
3;USA;Kansas;Rush;Hargrave;W99.445;N38.5564;12;
3;USA;Kansas;Rush;La Crosse;W99.3086;N38.5314;12;
3;USA;Kansas;Rush;Liebenthal;W99.3192;N38.655;12;
3;USA;Kansas;Rush;Loretta;W99.1806;N38.6536;12;
3;USA;Kansas;Rush;McCracken;W99.5711;N38.5806;12;
3;USA;Kansas;Rush;Nekoma;W99.4419;N38.4736;12;
3;USA;Kansas;Rush;Otis;W99.0531;N38.5347;12;
3;USA;Kansas;Rush;Rush Center;W99.31;N38.4653;12;
3;USA;Kansas;Rush;Schaffer;W99.0886;N38.4714;12;
3;USA;Kansas;Rush;Timken;W99.1781;N38.4736;12;
3;USA;Kansas;Russell;Balta;W98.9156;N38.8847;12;
3;USA;Kansas;Russell;Bunker Hill;W98.7039;N38.8758;12;
3;USA;Kansas;Russell;Dorrance;W98.5894;N38.8467;12;
3;USA;Kansas;Russell;Fairport;W99.0306;N39.0458;12;
3;USA;Kansas;Russell;Gorham;W99.0231;N38.8817;12;
3;USA;Kansas;Russell;Homer;W98.7975;N38.8694;12;
3;USA;Kansas;Russell;Lucas;W98.5364;N39.0561;12;
3;USA;Kansas;Russell;Luray;W98.6889;N39.1106;12;
3;USA;Kansas;Russell;Milberger;W98.9122;N38.7119;12;
3;USA;Kansas;Russell;Paradise;W98.9183;N39.1136;12;
3;USA;Kansas;Russell;Russell;W98.8597;N38.8953;12;
3;USA;Kansas;Russell;Waldo;W98.7981;N39.1183;12;
3;USA;Kansas;Saline;Assaria;W97.6044;N38.6803;12;
3;USA;Kansas;Saline;Bavaria;W97.7556;N38.7972;12;
3;USA;Kansas;Saline;Bridgeport;W97.6131;N38.6278;12;
3;USA;Kansas;Saline;Brookville;W97.8683;N38.775;12;
3;USA;Kansas;Saline;Falun;W97.7594;N38.6711;12;
3;USA;Kansas;Saline;Glendale;W97.875;N38.8983;12;
3;USA;Kansas;Saline;Gypsum;W97.4281;N38.7056;12;
3;USA;Kansas;Saline;Hallville;W97.5381;N38.6486;12;
3;USA;Kansas;Saline;Hedville;W97.7614;N38.8628;12;
3;USA;Kansas;Saline;Kipp;W97.4544;N38.7839;12;
3;USA;Kansas;Saline;Marydel;W97.7225;N38.9444;12;
3;USA;Kansas;Saline;Mentor;W97.6031;N38.7406;12;
3;USA;Kansas;Saline;New Cambria;W97.5058;N38.8792;12;
3;USA;Kansas;Saline;Salemsborg;W97.6861;N38.6953;12;
3;USA;Kansas;Saline;Salina;W97.6114;N38.8403;12;
3;USA;Kansas;Saline;Shipton;W97.6822;N38.9139;12;
3;USA;Kansas;Saline;Smolan;W97.6844;N38.7386;12;
3;USA;Kansas;Saline;Trenton;W97.6492;N38.8869;12;
3;USA;Kansas;Scott;Chevron;W100.91;N38.3125;12;
3;USA;Kansas;Scott;Grigston;W100.717;N38.4847;12;
3;USA;Kansas;Scott;Hutchins;W100.916;N38.4397;12;
3;USA;Kansas;Scott;Manning;W100.724;N38.5553;12;
3;USA;Kansas;Scott;Modoc;W101.082;N38.4869;12;
3;USA;Kansas;Scott;Pence;W101.073;N38.6558;12;
3;USA;Kansas;Scott;Scott City;W100.907;N38.4825;12;
3;USA;Kansas;Scott;Shallow Water;W100.913;N38.3736;12;
3;USA;Kansas;Sedgwick;Andale;W97.6294;N37.7906;12;
3;USA;Kansas;Sedgwick;Anness;W97.7286;N37.4819;12;
3;USA;Kansas;Sedgwick;Arthur Heights;W97.265;N37.7697;12;
3;USA;Kansas;Sedgwick;Bayneville;W97.4439;N37.5542;12;
3;USA;Kansas;Sedgwick;Bellaire;W97.2669;N37.7625;12;
3;USA;Kansas;Sedgwick;Bentley;W97.5169;N37.8861;12;
3;USA;Kansas;Sedgwick;Berwet;W97.4836;N37.7856;12;
3;USA;Kansas;Sedgwick;Bonnie Brae;W97.2475;N37.6819;12;
3;USA;Kansas;Sedgwick;Brookhaven;W97.1547;N37.6958;12;
3;USA;Kansas;Sedgwick;Cessna;W97.4131;N37.6386;12;
3;USA;Kansas;Sedgwick;Cheney;W97.7825;N37.63;12;
3;USA;Kansas;Sedgwick;Childs Acres;W97.4217;N37.7722;12;
3;USA;Kansas;Sedgwick;Clearwater;W97.5044;N37.5028;12;
3;USA;Kansas;Sedgwick;Clonmel;W97.5539;N37.5628;12;
3;USA;Kansas;Sedgwick;Coleman;W97.4639;N37.8642;12;
3;USA;Kansas;Sedgwick;Colwich;W97.5364;N37.7792;12;
3;USA;Kansas;Sedgwick;Connell;W97.295;N37.6194;12;
3;USA;Kansas;Sedgwick;County Acres;W97.4319;N37.6989;12;
3;USA;Kansas;Sedgwick;Cow Town;W97.3575;N37.6939;12;
3;USA;Kansas;Sedgwick;Derby;W97.2689;N37.5456;12;
3;USA;Kansas;Sedgwick;Eastborough;W97.2636;N37.6881;12;
3;USA;Kansas;Sedgwick;Forest Hills;W97.2386;N37.6903;12;
3;USA;Kansas;Sedgwick;Furley;W97.2128;N37.8792;12;
3;USA;Kansas;Sedgwick;Garden Plain;W97.6836;N37.6583;12;
3;USA;Kansas;Sedgwick;Glenville;W97.3475;N37.6125;12;
3;USA;Kansas;Sedgwick;Goddard;W97.5753;N37.6597;12;
3;USA;Kansas;Sedgwick;Greenwich Heights;W97.2053;N37.6533;12;
3;USA;Kansas;Sedgwick;Greenwich;W97.2036;N37.7828;12;
3;USA;Kansas;Sedgwick;Haysville;W97.3522;N37.5644;12;
3;USA;Kansas;Sedgwick;Kechi;W97.2794;N37.7958;12;
3;USA;Kansas;Sedgwick;Keeler;W97.2914;N37.6119;12;
3;USA;Kansas;Sedgwick;Lakeside Acres;W97.1906;N37.7189;12;
3;USA;Kansas;Sedgwick;Linwood Acres;W97.2022;N37.6814;12;
3;USA;Kansas;Sedgwick;Maize;W97.4672;N37.7792;12;
3;USA;Kansas;Sedgwick;Meadowview;W97.4275;N37.6897;12;
3;USA;Kansas;Sedgwick;Midland Park;W97.3378;N37.5889;12;
3;USA;Kansas;Sedgwick;Midland Tower;W97.3342;N37.6;12;
3;USA;Kansas;Sedgwick;Midland;W97.3353;N37.6139;12;
3;USA;Kansas;Sedgwick;Minneha;W97.24;N37.7144;12;
3;USA;Kansas;Sedgwick;Mona Kay Heights;W97.3119;N37.5989;12;
3;USA;Kansas;Sedgwick;Mount Hope;W97.665;N37.8686;12;
3;USA;Kansas;Sedgwick;Murray Gill;W97.4072;N37.5931;12;
3;USA;Kansas;Sedgwick;Oaklawn;W97.2969;N37.6103;12;
3;USA;Kansas;Sedgwick;Oatville;W97.3892;N37.6222;12;
3;USA;Kansas;Sedgwick;Park City;W97.3183;N37.8;12;
3;USA;Kansas;Sedgwick;Park East;W97.1697;N37.6842;12;
3;USA;Kansas;Sedgwick;Prospect Park;W97.4211;N37.6278;12;
3;USA;Kansas;Sedgwick;Prospect;W97.4469;N37.6344;12;
3;USA;Kansas;Sedgwick;Purcell;W97.3572;N37.6111;12;
3;USA;Kansas;Sedgwick;Riverside;W97.3222;N37.615;12;
3;USA;Kansas;Sedgwick;Riverview;W97.35;N37.7758;12;
3;USA;Kansas;Sedgwick;Rolling Hills;W97.4475;N37.6861;12;
3;USA;Kansas;Sedgwick;Saint Marks;W97.5622;N37.7358;12;
3;USA;Kansas;Sedgwick;Saint Marys;W97.64;N37.7067;12;
3;USA;Kansas;Sedgwick;Saint Paul;W97.7522;N37.6625;12;
3;USA;Kansas;Sedgwick;Sand Burr Hill;W97.3128;N37.5706;12;
3;USA;Kansas;Sedgwick;Schulte;W97.4714;N37.6231;12;
3;USA;Kansas;Sedgwick;South Seneca Gardens;W97.3492;N37.6011;12;
3;USA;Kansas;Sedgwick;Spasticville;W97.3361;N37.8336;12;
3;USA;Kansas;Sedgwick;Springdale;W97.1689;N37.675;12;
3;USA;Kansas;Sedgwick;Sunnydale;W97.2994;N37.8683;12;
3;USA;Kansas;Sedgwick;Sunset Park;W97.3392;N37.5772;12;
3;USA;Kansas;Sedgwick;The Dell;W97.4614;N37.675;12;
3;USA;Kansas;Sedgwick;Tolerville;W97.2692;N37.7528;12;
3;USA;Kansas;Sedgwick;Tyler;W97.4447;N37.6694;12;
3;USA;Kansas;Sedgwick;Valley Center;W97.3733;N37.8347;12;
3;USA;Kansas;Sedgwick;Viola;W97.6439;N37.4831;12;
3;USA;Kansas;Sedgwick;Waco;W97.3075;N37.5206;12;
3;USA;Kansas;Sedgwick;Wego-Waco;W97.3339;N37.5208;12;
3;USA;Kansas;Sedgwick;Westlink Village;W97.4533;N37.6978;12;
3;USA;Kansas;Sedgwick;Wichita Heights;W97.3358;N37.7811;12;
3;USA;Kansas;Sedgwick;Wichita;W97.3375;N37.6922;12;
3;USA;Kansas;Seward;Arkalon;W100.808;N37.1431;12;
3;USA;Kansas;Seward;Hayne;W100.804;N37.1006;12;
3;USA;Kansas;Seward;Kismet;W100.702;N37.2056;12;
3;USA;Kansas;Seward;Liberal;W100.921;N37.0431;12;
3;USA;Kansas;Shawnee;Auburn;W95.8161;N38.9061;12;
3;USA;Kansas;Shawnee;Belmont;W95.6336;N39.0472;12;
3;USA;Kansas;Shawnee;Berryton;W95.6317;N38.9408;12;
3;USA;Kansas;Shawnee;Cullen Village;W95.7028;N38.9428;12;
3;USA;Kansas;Shawnee;Dover;W95.9375;N38.9647;12;
3;USA;Kansas;Shawnee;Elmont;W95.7031;N39.1653;12;
3;USA;Kansas;Shawnee;Grove;W95.8592;N39.1675;12;
3;USA;Kansas;Shawnee;Highland Park;W95.6636;N39.0244;12;
3;USA;Kansas;Shawnee;Kiro;W95.7978;N39.0969;12;
3;USA;Kansas;Shawnee;Mathews Park;W95.6558;N38.9986;12;
3;USA;Kansas;Shawnee;Menoken;W95.7558;N39.0908;12;
3;USA;Kansas;Shawnee;North Topeka;W95.6669;N39.0722;12;
3;USA;Kansas;Shawnee;Oakland;W95.6364;N39.0667;12;
3;USA;Kansas;Shawnee;Pauline;W95.6906;N38.9633;12;
3;USA;Kansas;Shawnee;Richland;W95.5397;N38.8836;12;
3;USA;Kansas;Shawnee;Rossville;W95.9517;N39.1361;12;
3;USA;Kansas;Shawnee;Silver Lake;W95.8586;N39.1042;12;
3;USA;Kansas;Shawnee;Spencer;W95.5322;N39.0578;12;
3;USA;Kansas;Shawnee;Tecumseh;W95.5792;N39.0481;12;
3;USA;Kansas;Shawnee;Terra Heights;W95.6833;N38.9767;12;
3;USA;Kansas;Shawnee;Topeka;W95.6781;N39.0483;12;
3;USA;Kansas;Shawnee;Valencia;W95.8764;N39.0786;12;
3;USA;Kansas;Shawnee;Wakarusa;W95.6958;N38.8858;12;
3;USA;Kansas;Shawnee;Watson;W95.5564;N38.9881;12;
3;USA;Kansas;Shawnee;Willard;W95.9419;N39.0933;12;
3;USA;Kansas;Sheridan;Angelus;W100.684;N39.1911;12;
3;USA;Kansas;Sheridan;Hoxie;W100.442;N39.3575;12;
3;USA;Kansas;Sheridan;Lucerne;W100.2;N39.4967;12;
3;USA;Kansas;Sheridan;Seguin;W100.595;N39.3375;12;
3;USA;Kansas;Sheridan;Selden;W100.568;N39.5408;12;
3;USA;Kansas;Sheridan;Studley;W100.164;N39.3531;12;
3;USA;Kansas;Sheridan;Tasco;W100.291;N39.3542;12;
3;USA;Kansas;Sherman;Caruso;W101.816;N39.3386;12;
3;USA;Kansas;Sherman;Edson;W101.541;N39.3372;12;
3;USA;Kansas;Sherman;Goodland;W101.71;N39.3508;12;
3;USA;Kansas;Sherman;Kanorado;W102.038;N39.3331;12;
3;USA;Kansas;Sherman;Ruleton;W101.889;N39.3394;12;
3;USA;Kansas;Smith;Athol;W98.9194;N39.765;12;
3;USA;Kansas;Smith;Bellaire;W98.6761;N39.7983;12;
3;USA;Kansas;Smith;Cedar;W98.9403;N39.6572;12;
3;USA;Kansas;Smith;Claudell;W99.0292;N39.6625;12;
3;USA;Kansas;Smith;Cora;W98.6636;N39.8928;12;
3;USA;Kansas;Smith;Dispatch;W98.505;N39.5964;12;
3;USA;Kansas;Smith;Gaylord;W98.8475;N39.6439;12;
3;USA;Kansas;Smith;Harlan;W98.7669;N39.6056;12;
3;USA;Kansas;Smith;Kensington;W99.0317;N39.7669;12;
3;USA;Kansas;Smith;Lebanon;W98.5556;N39.8097;12;
3;USA;Kansas;Smith;Reamsville;W98.8669;N39.93;12;
3;USA;Kansas;Smith;Smith Center;W98.785;N39.7792;12;
3;USA;Kansas;Smith;Thornburg;W98.7861;N39.9444;12;
3;USA;Kansas;Smith;Womer;W98.7106;N39.9736;12;
3;USA;Kansas;Stafford;Dillwyn;W98.8797;N37.9708;12;
3;USA;Kansas;Stafford;Hudson;W98.66;N38.1056;12;
3;USA;Kansas;Stafford;Macksville;W98.9686;N37.9592;12;
3;USA;Kansas;Stafford;Neola;W98.5089;N37.8694;12;
3;USA;Kansas;Stafford;Radium;W98.8933;N38.1742;12;
3;USA;Kansas;Stafford;Saint John;W98.76;N38.0022;12;
3;USA;Kansas;Stafford;Seward;W98.7947;N38.1778;12;
3;USA;Kansas;Stafford;Stafford;W98.6006;N37.9622;12;
3;USA;Kansas;Stafford;Zenith;W98.4919;N37.9572;12;
3;USA;Kansas;Stanton;Big Bow;W101.562;N37.565;12;
3;USA;Kansas;Stanton;Johnson;W101.751;N37.5706;12;
3;USA;Kansas;Stanton;Manter;W101.885;N37.5231;12;
3;USA;Kansas;Stanton;Saunders;W102.039;N37.4711;12;
3;USA;Kansas;Stevens;Cave;W101.141;N37.3586;12;
3;USA;Kansas;Stevens;Hugoton;W101.35;N37.1753;12;
3;USA;Kansas;Stevens;Moscow;W101.206;N37.3236;12;
3;USA;Kansas;Stevens;Woods;W101.106;N37.1703;12;
3;USA;Kansas;Sumner;Adamsville;W97.1764;N37.1733;12;
3;USA;Kansas;Sumner;Anson;W97.5297;N37.3653;12;
3;USA;Kansas;Sumner;Argonia;W97.7656;N37.2658;12;
3;USA;Kansas;Sumner;Ashton;W97.2386;N37.0831;12;
3;USA;Kansas;Sumner;Belle Plaine;W97.2811;N37.3939;12;
3;USA;Kansas;Sumner;Bushnell;W97.16;N37.3617;12;
3;USA;Kansas;Sumner;Caldwell;W97.6069;N37.0322;12;
3;USA;Kansas;Sumner;Cicero;W97.3406;N37.3339;12;
3;USA;Kansas;Sumner;Conway Springs;W97.6422;N37.3903;12;
3;USA;Kansas;Sumner;Corbin;W97.5439;N37.1264;12;
3;USA;Kansas;Sumner;Dalton;W97.2725;N37.2692;12;
3;USA;Kansas;Sumner;Doster;W97.7119;N37.0611;12;
3;USA;Kansas;Sumner;Drury;W97.4778;N37.0356;12;
3;USA;Kansas;Sumner;Ewell;W97.6906;N37.34;12;
3;USA;Kansas;Sumner;Geuda Springs;W97.1492;N37.1142;12;
3;USA;Kansas;Sumner;Hunnewell;W97.4047;N37.005;12;
3;USA;Kansas;Sumner;Mayfield;W97.5447;N37.2583;12;
3;USA;Kansas;Sumner;Metcalf;W97.7842;N37.0672;12;
3;USA;Kansas;Sumner;Milan;W97.6739;N37.2597;12;
3;USA;Kansas;Sumner;Millerton;W97.5564;N37.4367;12;
3;USA;Kansas;Sumner;Milton;W97.7714;N37.4317;12;
3;USA;Kansas;Sumner;Mulvane;W97.2439;N37.4744;12;
3;USA;Kansas;Sumner;Oxford;W97.1689;N37.2742;12;
3;USA;Kansas;Sumner;Paton;W97.1772;N37.2161;12;
3;USA;Kansas;Sumner;Peck;W97.3722;N37.4775;12;
3;USA;Kansas;Sumner;Perth;W97.5053;N37.1747;12;
3;USA;Kansas;Sumner;Portland;W97.3122;N37.0778;12;
3;USA;Kansas;Sumner;Riverdale;W97.3725;N37.39;12;
3;USA;Kansas;Sumner;Roland;W97.4575;N37.2661;12;
3;USA;Kansas;Sumner;Rome;W97.1428;N37.1614;12;
3;USA;Kansas;Sumner;South Haven;W97.4053;N37.0519;12;
3;USA;Kansas;Sumner;Suppesville;W97.7703;N37.5008;12;
3;USA;Kansas;Sumner;Wellington;W97.3717;N37.2653;12;
3;USA;Kansas;Sumner;Whitman;W97.1875;N37.3325;12;
3;USA;Kansas;Sumner;Zyba;W97.3892;N37.4347;12;
3;USA;Kansas;Thomas;Breton;W100.814;N39.4525;12;
3;USA;Kansas;Thomas;Brewster;W101.377;N39.3667;12;
3;USA;Kansas;Thomas;Brownville;W101.354;N39.1861;12;
3;USA;Kansas;Thomas;Colby;W101.052;N39.3958;12;
3;USA;Kansas;Thomas;Gem;W100.898;N39.4278;12;
3;USA;Kansas;Thomas;Halford;W100.87;N39.3731;12;
3;USA;Kansas;Thomas;Levant;W101.195;N39.3856;12;
3;USA;Kansas;Thomas;Menlo;W100.723;N39.3569;12;
3;USA;Kansas;Thomas;Mingo;W100.963;N39.2783;12;
3;USA;Kansas;Thomas;Rexford;W100.744;N39.4717;12;
3;USA;Kansas;Thomas;Spica;W100.916;N39.2067;12;
3;USA;Kansas;Trego;Collyer;W100.118;N39.0356;12;
3;USA;Kansas;Trego;Fort Downer;W99.9781;N38.8408;12;
3;USA;Kansas;Trego;Ogallah;W99.7322;N38.9914;12;
3;USA;Kansas;Trego;Riga;W99.6503;N38.9506;12;
3;USA;Kansas;Trego;Trego Center;W99.8917;N38.8856;12;
3;USA;Kansas;Trego;Voda;W100.02;N39.0492;12;
3;USA;Kansas;Trego;WaKeeney;W99.8794;N39.025;12;
3;USA;Kansas;Wabaunsee;Allendorph;W96.2711;N38.9928;12;
3;USA;Kansas;Wabaunsee;Alma;W96.2892;N39.0167;12;
3;USA;Kansas;Wabaunsee;Alta Vista;W96.4892;N38.8639;12;
3;USA;Kansas;Wabaunsee;Bradford;W96.0392;N38.8217;12;
3;USA;Kansas;Wabaunsee;Eskridge;W96.1092;N38.8589;12;
3;USA;Kansas;Wabaunsee;Harveyville;W95.9617;N38.79;12;
3;USA;Kansas;Wabaunsee;Hessdale;W96.2094;N38.9128;12;
3;USA;Kansas;Wabaunsee;Keene;W96.0392;N38.9575;12;
3;USA;Kansas;Wabaunsee;Maple Hill;W96.0281;N39.0847;12;
3;USA;Kansas;Wabaunsee;McFarland;W96.2378;N39.0528;12;
3;USA;Kansas;Wabaunsee;Newbury;W96.1753;N39.0847;12;
3;USA;Kansas;Wabaunsee;Paxico;W96.1664;N39.0694;12;
3;USA;Kansas;Wabaunsee;Vera;W96.095;N39.0669;12;
3;USA;Kansas;Wabaunsee;Volland;W96.4044;N38.9444;12;
3;USA;Kansas;Wabaunsee;Wabaunsee;W96.3461;N39.1461;12;
3;USA;Kansas;Wabaunsee;Wilmington;W95.9594;N38.7444;12;
3;USA;Kansas;Wallace;Sharon Springs;W101.752;N38.8978;12;
3;USA;Kansas;Wallace;Sunland;W101.822;N38.8928;12;
3;USA;Kansas;Wallace;Wallace;W101.592;N38.9114;12;
3;USA;Kansas;Wallace;Weskan;W101.964;N38.8667;12;
3;USA;Kansas;Washington;Barnes;W96.8744;N39.7119;12;
3;USA;Kansas;Washington;Brantford;W97.3597;N39.7122;12;
3;USA;Kansas;Washington;Calderhead;W97.3311;N39.6831;12;
3;USA;Kansas;Washington;Chepstow;W96.9008;N39.6236;12;
3;USA;Kansas;Washington;Clifton;W97.2786;N39.5672;12;
3;USA;Kansas;Washington;Enosdale;W97.1614;N39.7711;12;
3;USA;Kansas;Washington;Greenleaf;W96.9761;N39.7283;12;
3;USA;Kansas;Washington;Haddam;W97.3017;N39.8569;12;
3;USA;Kansas;Washington;Hanover;W96.8794;N39.8939;12;
3;USA;Kansas;Washington;Hollenberg;W96.9922;N39.9806;12;
3;USA;Kansas;Washington;Kimeo;W96.9947;N39.5958;12;
3;USA;Kansas;Washington;Linn;W97.0842;N39.68;12;
3;USA;Kansas;Washington;Mahaska;W97.3542;N39.9875;12;
3;USA;Kansas;Washington;Morrowville;W97.1717;N39.8444;12;
3;USA;Kansas;Washington;Palmer;W97.1403;N39.6319;12;
3;USA;Kansas;Washington;Spence;W96.9364;N39.9325;12;
3;USA;Kansas;Washington;Strawberry;W97.2553;N39.7119;12;
3;USA;Kansas;Washington;Washington;W97.0508;N39.8181;12;
3;USA;Kansas;Wichita;Coronado;W101.305;N38.4858;12;
3;USA;Kansas;Wichita;Leoti;W101.359;N38.4797;12;
3;USA;Kansas;Wichita;Lydia;W101.292;N38.2783;12;
3;USA;Kansas;Wichita;Marienthal;W101.213;N38.4875;12;
3;USA;Kansas;Wichita;Selkirk;W101.544;N38.4733;12;
3;USA;Kansas;Wilson;Altoona;W95.6614;N37.5239;12;
3;USA;Kansas;Wilson;Benedict Junction;W95.7711;N37.6103;12;
3;USA;Kansas;Wilson;Benedict;W95.7506;N37.6253;12;
3;USA;Kansas;Wilson;Brooks;W95.6028;N37.3847;12;
3;USA;Kansas;Wilson;Buffalo;W95.6975;N37.7097;12;
3;USA;Kansas;Wilson;Buffville;W95.6603;N37.4825;12;
3;USA;Kansas;Wilson;Buxton;W95.9206;N37.4483;12;
3;USA;Kansas;Wilson;Coyville;W95.8975;N37.6861;12;
3;USA;Kansas;Wilson;Fredonia;W95.8267;N37.5339;12;
3;USA;Kansas;Wilson;Guilford;W95.7197;N37.5992;12;
3;USA;Kansas;Wilson;Hilford;W95.6767;N37.4497;12;
3;USA;Kansas;Wilson;Lafontaine;W95.8453;N37.3992;12;
3;USA;Kansas;Wilson;Middletown;W95.8333;N37.7197;12;
3;USA;Kansas;Wilson;Neodesha;W95.6803;N37.4183;12;
3;USA;Kansas;Wilson;New Albany;W95.9378;N37.5683;12;
3;USA;Kansas;Wilson;Rest;W95.6606;N37.6531;12;
3;USA;Kansas;Wilson;Roper;W95.7328;N37.6611;12;
3;USA;Kansas;Wilson;Vilas;W95.5864;N37.6542;12;
3;USA;Kansas;Woodson;Athens;W95.6139;N37.9069;12;
3;USA;Kansas;Woodson;Batesville;W95.8706;N37.8361;12;
3;USA;Kansas;Woodson;Cookville;W95.5922;N37.8203;12;
3;USA;Kansas;Woodson;Durand;W95.6931;N37.8897;12;
3;USA;Kansas;Woodson;Hasty;W95.6906;N37.9389;12;
3;USA;Kansas;Woodson;Neosho Falls;W95.5572;N38.0056;12;
3;USA;Kansas;Woodson;Piqua;W95.5353;N37.9228;12;
3;USA;Kansas;Woodson;Rose;W95.6864;N37.7931;12;
3;USA;Kansas;Woodson;Toronto;W95.9492;N37.7989;12;
3;USA;Kansas;Woodson;Vernon;W95.6569;N37.9806;12;
3;USA;Kansas;Woodson;Yates Center;W95.7333;N37.8811;12;
3;USA;Kansas;Wyandotte;Argentine;W94.6725;N39.075;12;
3;USA;Kansas;Wyandotte;Bethel;W94.7586;N39.1444;12;
3;USA;Kansas;Wyandotte;Beverly Hills;W94.7353;N39.1578;12;
3;USA;Kansas;Wyandotte;Bonner Springs;W94.8836;N39.0597;12;
3;USA;Kansas;Wyandotte;Edwardsville;W94.8197;N39.0611;12;
3;USA;Kansas;Wyandotte;Fairfax;W94.6128;N39.1417;12;
3;USA;Kansas;Wyandotte;Grandview;W94.8983;N39.0672;12;
3;USA;Kansas;Wyandotte;Grays Park;W94.6336;N39.05;12;
3;USA;Kansas;Wyandotte;Grinter Heights;W94.7642;N39.0739;12;
3;USA;Kansas;Wyandotte;Grove Center;W94.8017;N39.0625;12;
3;USA;Kansas;Wyandotte;Kansas City;W94.6275;N39.1142;12;
3;USA;Kansas;Wyandotte;Lake of the Forest;W94.84;N39.0658;12;
3;USA;Kansas;Wyandotte;Loma Vista;W94.7894;N39.1639;12;
3;USA;Kansas;Wyandotte;Loring;W94.9086;N39.0139;12;
3;USA;Kansas;Wyandotte;Maywood;W94.8253;N39.1278;12;
3;USA;Kansas;Wyandotte;Morris;W94.7517;N39.0619;12;
3;USA;Kansas;Wyandotte;Muncie;W94.7475;N39.0875;12;
3;USA;Kansas;Wyandotte;Nearman;W94.6978;N39.1647;12;
3;USA;Kansas;Wyandotte;Piper;W94.8614;N39.1431;12;
3;USA;Kansas;Wyandotte;Pomeroy;W94.7614;N39.1683;12;
3;USA;Kansas;Wyandotte;Stony Point;W94.7603;N39.0944;12;
3;USA;Kansas;Wyandotte;Sunflower;W94.8642;N39.0653;12;
3;USA;Kansas;Wyandotte;Turner;W94.7044;N39.0833;12;
3;USA;Kansas;Wyandotte;Victory Junction;W94.9014;N39.1289;12;
3;USA;Kansas;Wyandotte;Vinewood;W94.7936;N39.1717;12;
3;USA;Kansas;Wyandotte;Wallula;W94.9006;N39.1725;12;
3;USA;Kansas;Wyandotte;Welborn;W94.7003;N39.1433;12;
3;USA;Kansas;Wyandotte;Wolcott;W94.8017;N39.1889;12;
3;USA;Nebraska;Gage;Lanham;W96.8739;N40.0028;12;
